-9.5602
-9.6007
-9.6392
-9.6739
-9.7026
-9.7235
-9.736
-9.7406
-9.7379
-9.7284
-9.7119
-9.6891
-9.6639
-9.6409
-9.6229
-9.6107
-9.6034
-9.599
-9.5948
-9.5886
-9.5791
-9.5664
-9.5514
-9.5358
-9.5212
-9.5091
-9.5005
-9.4948
-9.4907
-9.4858
-9.478
-9.4663
-9.4508
-9.4328
-9.4169
-9.4087
-9.4105
-9.4206
-9.4357
-9.4519
-9.466
-9.4759
-9.481
-9.4824
-9.4825
-9.4834
-9.4866
-9.4928
-9.5021
-9.5137
-9.5263
-9.5382
-9.5475
-9.5534
-9.5559
-9.5555
-9.5533
-9.5517
-9.5544
-9.566
-9.5906
-9.6302
-9.6837
-9.7444
-9.7987
-9.835
-9.8507
-9.8493
-9.8364
-9.8168
-9.7941
-9.7703
-9.7454
-9.7185
-9.6885
-9.6554
-9.6206
-9.5867
-9.5574
-9.5356
-9.5229
-9.5186
-9.5205
-9.525
-9.5284
-9.528
-9.5231
-9.5164
-9.5129
-9.5188
-9.5388
-9.5741
-9.6224
-9.6789
-9.7366
-9.7879
-9.8251
-9.8426
-9.8371
-9.8085
-9.7603
-9.6983
-9.6301
-9.5637
-9.5048
-9.4569
-9.4219
-9.3995
-9.3884
-9.3869
-9.3926
-9.4035
-9.4187
-9.4382
-9.4631
-9.4947
-9.534
-9.5805
-9.6326
-9.6863
-9.7371
-9.7811
-9.8157
-9.8397
-9.854
-9.8609
-9.8639
-9.8669
-9.8731
-9.8834
-9.8961
-9.9069
-9.9111
-9.9046
-9.8861
-9.8565
-9.8182
-9.7737
-9.7256
-9.6763
-9.6286
-9.5861
-9.5519
-9.5278
-9.5145
-9.5113
-9.517
-9.5301
-9.5485
-9.5693
-9.5895
-9.6062
-9.6176
-9.6232
-9.6244
-9.6233
-9.622
-9.6227
-9.6264
-9.6332
-9.6421
-9.6516
-9.6598
-9.6648
-9.6656
-9.6615
-9.6533
-9.6426
-9.6323
-9.6258
-9.6262
-9.6358
-9.6551
-9.6827
-9.7145
-9.745
-9.7682
-9.779
-9.7746
-9.7548
-9.7222
-9.682
-9.6403
-9.6037
-9.5768
-9.5624
-9.5611
-9.5716
-9.5912
-9.6162
-9.6427
-9.6668
-9.6859
-9.6983
-9.7031
-9.7004
-9.691
-9.6764
-9.6594
-9.643
-9.6298
-9.6217
-9.6198
-9.6239
-9.6327
-9.6448
-9.6588
-9.6735
-9.688
-9.7015
-9.7132
-9.7219
-9.7265
-9.7259
-9.7201
-9.7103
-9.6995
-9.6919
-9.6914
-9.7002
-9.7186
-9.7442
-9.7735
-9.803
-9.8295
-9.8508
-9.8658
-9.8749
-9.8789
-9.8788
-9.876
-9.8712
-9.8644
-9.8553
-9.8439
-9.8302
-9.8139
-9.7954
-9.7744
-9.7511
-9.7257
-9.6993
-9.6731
-9.6483
-9.6262
-9.6073
-9.591
-9.5762
-9.5617
-9.5463
-9.5293
-9.5107
-9.4913
-9.4723
-9.4553
-9.4419
-9.4332
-9.4302
-9.4329
-9.4414
-9.4553
-9.4738
-9.4963
-9.5229
-9.5544
-9.5919
-9.6365
-9.6885
-9.7468
-9.8084
-9.8685
-9.9213
-9.9614
-9.9858
-9.9936
-9.9861
-9.966
-9.9358
-9.8977
-9.8535
-9.8046
-9.7528
-9.7007
-9.6518
-9.6098
-9.5777
-9.5572
-9.5475
-9.5457
-9.5472
-9.5476
-9.5439
-9.5349
-9.5207
-9.5021
-9.4803
-9.4557
-9.43
-9.406
-9.3876
-9.378
-9.3793
-9.3919
-9.4154
-9.4485
-9.4904
-9.5397
-9.5945
-9.6519
-9.7079
-9.7578
-9.7981
-9.8275
-9.846
-9.8548
-9.855
-9.8479
-9.8341
-9.8145
-9.7892
-9.7589
-9.724
-9.6849
-9.6427
-9.5987
-9.5542
-9.5106
-9.4694
-9.4319
-9.399
-9.3713
-9.3493
-9.3336
-9.3253
-9.3258
-9.336
-9.3558
-9.3842
-9.4183
-9.4546
-9.4898
-9.5211
-9.547
-9.5675
-9.5832
-9.5954
-9.6052
-9.6135
-9.621
-9.6282
-9.6352
-9.6415
-9.6459
-9.6472
-9.644
-9.6361
-9.6236
-9.6077
-9.5903
-9.5738
-9.5608
-9.554
-9.5553
-9.5661
-9.5865
-9.6157
-9.6515
-9.6907
-9.7293
-9.7629
-9.7879
-9.8021
-9.8048
-9.7976
-9.7831
-9.7645
-9.7448
-9.7259
-9.7074
-9.6871
-9.662
-9.6288
-9.585
-9.5305
-9.4669
-9.3977
-9.3275
-9.2609
-9.2024
-9.1556
-9.1233
-9.1077
-9.1099
-9.1302
-9.1671
-9.2179
-9.2789
-9.3455
-9.4135
-9.479
-9.5393
-9.5922
-9.6367
-9.6726
-9.7003
-9.7209
-9.7357
-9.7462
-9.7532
-9.7565
-9.755
-9.747
-9.7305
-9.7044
-9.6686
-9.624
-9.5728
-9.5181
-9.4631
-9.4107
-9.3634
-9.3229
-9.2899
-9.2637
-9.2427
-9.2247
-9.207
-9.1877
-9.1658
-9.1411
-9.1135
-9.0836
-9.0519
-9.0189
-8.9859
-8.9547
-8.9273
-8.9062
-8.8937
-8.8913
-8.8994
-8.9174
-8.9436
-8.9755
-9.0106
-9.0465
-9.0812
-9.113
-9.1404
-9.1624
-9.1783
-9.1877
-9.1906
-9.1873
-9.1783
-9.1641
-9.1453
-9.1224
-9.0962
-9.0673
-9.0366
-9.005
-8.9728
-8.9402
-8.9069
-8.8728
-8.8377
-8.8018
-8.7655
-8.7293
-8.6943
-8.6614
-8.6311
-8.6038
-8.5789
-8.5551
-8.5309
-8.5048
-8.4757
-8.4436
-8.4093
-8.3746
-8.3414
-8.3116
-8.2859
-8.2644
-8.2465
-8.2315
-8.219
-8.2092
-8.2029
-8.2008
-8.2034
-8.2106
-8.2214
-8.2346
-8.2485
-8.2614
-8.272
-8.2792
-8.2818
-8.2793
-8.2717
-8.2589
-8.2413
-8.2197
-8.1957
-8.1705
-8.1448
-8.1188
-8.0915
-8.0617
-8.0287
-7.9919
-7.9506
-7.9046
-7.8538
-7.7983
-7.7391
-7.6773
-7.6139
-7.55
-7.4865
-7.424
-7.3634
-7.3053
-7.251
-7.2018
-7.1592
-7.1241
-7.0969
-7.0772
-7.0643
-7.0573
-7.0553
-7.0574
-7.0631
-7.0721
-7.0847
-7.1011
-7.1212
-7.1442
-7.1682
-7.1904
-7.2078
-7.2175
-7.2181
-7.2092
-7.1913
-7.1651
-7.1305
-7.0867
-7.0322
-6.965
-6.8836
-6.7882
-6.682
-6.5715
-6.465
-6.3691
-6.2865
-6.216
-6.1545
-6.099
-6.0473
-5.9982
-5.9519
-5.9092
-5.8704
-5.8357
-5.8049
-5.7775
-5.7533
-5.7327
-5.7164
-5.7052
-5.6996
-5.7
-5.7062
-5.7182
-5.7357
-5.7582
-5.7838
-5.8098
-5.8321
-5.8469
-5.8515
-5.8455
-5.8298
-5.8066
-5.7784
-5.7475
-5.7145
-5.679
-5.6394
-5.5934
-5.5387
-5.4738
-5.3982
-5.3129
-5.2197
-5.1223
-5.0251
-4.9332
-4.849
-4.7719
-4.6983
-4.6233
-4.5424
-4.4531
-4.356
-4.2541
-4.1523
-4.0552
-3.9655
-3.8837
-3.8095
-3.7418
-3.6802
-3.6254
-3.5788
-3.542
-3.5163
-3.502
-3.4978
-3.5018
-3.5108
-3.5216
-3.5309
-3.536
-3.5355
-3.5286
-3.5162
-3.4999
-3.4821
-3.4651
-3.4502
-3.4374
-3.4254
-3.4123
-3.3958
-3.3739
-3.345
-3.3084
-3.2634
-3.2099
-3.1477
-3.077
-2.9984
-2.9131
-2.8228
-2.7294
-2.6347
-2.5393
-2.4439
-2.3492
-2.256
-2.1656
-2.0787
-1.9954
-1.916
-1.8416
-1.7742
-1.7156
-1.6668
-1.6269
-1.5939
-1.5651
-1.5381
-1.5107
-1.4816
-1.4499
-1.4145
-1.3742
-1.3272
-1.2724
-1.2096
-1.1407
-1.0694
-1
-0.93592
-0.87805
-0.8246
-0.77165
-0.71413
-0.6472
-0.56766
-0.47539
-0.37392
-0.2699
-0.17083
-0.082396
-0.006957
0.056217
0.10984
0.15721
0.20123
0.24441
0.2888
0.33556
0.38504
0.43715
0.49089
0.54424
0.59443
0.63877
0.67678
0.71244
0.75232
0.80264
0.86911
0.95916
1.0851
1.3534
1.576
1.576
