-17.827
-17.827
-17.804
-17.909
-17.99
-18.022
-18.038
-18.047
-18.055
-18.061
-18.067
-18.07
-18.069
-18.061
-18.047
-18.025
-17.997
-17.963
-17.926
-17.892
-17.864
-17.847
-17.841
-17.846
-17.859
-17.874
-17.888
-17.894
-17.887
-17.856
-17.8
-17.731
-17.657
-17.583
-17.508
-17.432
-17.362
-17.303
-17.258
-17.227
-17.208
-17.201
-17.202
-17.212
-17.23
-17.253
-17.28
-17.308
-17.336
-17.363
-17.389
-17.412
-17.432
-17.445
-17.45
-17.447
-17.438
-17.427
-17.417
-17.407
-17.397
-17.388
-17.375
-17.356
-17.33
-17.296
-17.254
-17.206
-17.151
-17.09
-17.026
-16.959
-16.891
-16.824
-16.762
-16.708
-16.664
-16.632
-16.611
-16.598
-16.59
-16.584
-16.578
-16.57
-16.559
-16.546
-16.53
-16.515
-16.502
-16.494
-16.493
-16.501
-16.518
-16.543
-16.576
-16.611
-16.645
-16.671
-16.683
-16.676
-16.646
-16.595
-16.528
-16.455
-16.386
-16.33
-16.29
-16.262
-16.244
-16.23
-16.217
-16.203
-16.188
-16.175
-16.169
-16.173
-16.186
-16.201
-16.204
-16.188
-16.146
-16.078
-15.994
-15.913
-15.852
-15.813
-15.795
-15.792
-15.799
-15.81
-15.821
-15.828
-15.829
-15.824
-15.813
-15.797
-15.773
-15.739
-15.693
-15.636
-15.571
-15.505
-15.444
-15.393
-15.355
-15.328
-15.313
-15.307
-15.308
-15.315
-15.325
-15.336
-15.346
-15.351
-15.35
-15.346
-15.341
-15.334
-15.322
-15.305
-15.283
-15.255
-15.222
-15.184
-15.142
-15.095
-15.044
-14.99
-14.934
-14.875
-14.812
-14.741
-14.662
-14.573
-14.48
-14.397
-14.333
-14.293
-14.275
-14.275
-14.286
-14.302
-14.319
-14.332
-14.341
-14.346
-14.347
-14.347
-14.348
-14.35
-14.353
-14.357
-14.361
-14.363
-14.361
-14.354
-14.341
-14.321
-14.296
-14.265
-14.228
-14.186
-14.139
-14.086
-14.027
-13.961
-13.887
-13.806
-13.718
-13.623
-13.524
-13.422
-13.317
-13.211
-13.104
-12.999
-12.896
-12.8
-12.713
-12.641
-12.587
-12.552
-12.537
-12.54
-12.555
-12.578
-12.603
-12.624
-12.638
-12.64
-12.63
-12.609
-12.578
-12.543
-12.507
-12.476
-12.451
-12.432
-12.419
-12.408
-12.395
-12.377
-12.35
-12.312
-12.262
-12.204
-12.14
-12.074
-12.009
-11.947
-11.889
-11.835
-11.785
-11.739
-11.694
-11.648
-11.6
-11.545
-11.484
-11.418
-11.348
-11.278
-11.211
-11.149
-11.093
-11.042
-10.99
-10.932
-10.864
-10.781
-10.682
-10.577
-10.474
-10.379
-10.296
-10.223
-10.162
-10.113
-10.076
-10.05
-10.033
-10.022
-10.015
-10.007
-9.9952
-9.9782
-9.9545
-9.9239
-9.8866
-9.8427
-9.792
-9.7334
-9.6663
-9.59
-9.505
-9.4137
-9.3204
-9.2301
-9.1471
-9.0741
-9.0116
-8.9578
-8.9094
-8.8629
-8.8146
-8.7619
-8.7036
-8.6395
-8.5704
-8.4975
-8.4221
-8.3455
-8.2688
-8.193
-8.1187
-8.046
-7.9753
-7.9074
-7.8436
-7.7853
-7.7337
-7.6889
-7.6499
-7.6152
-7.5831
-7.5516
-7.5196
-7.4864
-7.4513
-7.4139
-7.3733
-7.3283
-7.2781
-7.222
-7.1598
-7.0908
-7.0136
-6.9266
-6.8287
-6.7205
-6.6039
-6.4822
-6.3598
-6.2409
-6.1285
-6.0239
-5.9252
-5.8287
-5.7305
-5.6285
-5.5235
-5.4185
-5.3174
-5.2242
-5.1409
-5.0668
-5.0002
-4.9392
-4.8821
-4.8271
-4.7733
-4.7201
-4.668
-4.6186
-4.5735
-4.5332
-4.4971
-4.4633
-4.4295
-4.3942
-4.3573
-4.3193
-4.2812
-4.2434
-4.2058
-4.1677
-4.1278
-4.0844
-4.0359
-3.9808
-3.9183
-3.8477
-3.7686
-3.6808
-3.585
-3.4832
-3.378
-3.2711
-3.1627
-3.0528
-2.9414
-2.8298
-2.7197
-2.6135
-2.5126
-2.4175
-2.3272
-2.2399
-2.1537
-2.0666
-1.9777
-1.8875
-1.798
-1.7111
-1.6272
-1.5462
-1.4667
-1.3879
-1.309
-1.229
-1.1467
-1.0609
-0.97174
-0.88063
-0.79128
-0.70878
-0.6377
-0.58042
-0.53664
-0.50371
-0.47766
-0.45481
-0.43255
-0.40942
-0.38505
-0.35974
-0.33323
-0.30385
-0.26863
-0.22406
-0.16726
-0.097372
-0.016251
0.071988
0.16268
0.25221
0.33853
0.42094
0.49994
0.57662
0.65164
0.72475
0.79503
0.8614
0.92338
0.98163
1.0376
1.0927
1.1481
1.2045
1.2622
1.3215
1.3825
1.4456
1.5111
1.5789
1.6482
1.7182
1.7881
1.8566
1.9231
1.9878
2.0516
2.1162
2.1835
2.2552
2.3311
2.4104
2.4907
2.5693
2.6438
2.7123
2.7738
2.8285
2.8774
2.9229
2.9687
3.019
3.0781
3.1492
3.2331
3.3278
3.4289
3.5299
3.6251
3.7104
3.7841
3.8472
3.902
3.9504
3.9939
4.033
4.0671
4.095
4.1159
4.1304
4.1401
4.1477
4.1562
4.1679
4.184
4.2042
4.2279
4.2541
4.2817
4.3099
4.3381
4.3654
4.3911
4.4146
4.4354
4.4535
4.4687
4.4819
4.4943
4.5076
4.524
4.5462
4.5763
4.6163
4.6673
4.729
4.8
4.8778
4.9588
5.0388
5.115
5.1868
5.2551
5.3222
5.3894
5.456
5.5192
5.5758
5.6236
5.6627
5.6959
5.7269
5.7586
5.7925
5.8285
5.865
5.9002
5.9332
5.9641
5.9943
6.0263
6.062
6.1022
6.1462
6.1916
6.235
6.2731
6.3027
6.3215
6.3283
6.3231
6.3072
6.2833
6.2549
6.2256
6.1979
6.1738
6.1541
6.139
6.1284
6.1225
6.1203
6.1203
6.121
6.1206
6.1176
6.1112
6.1017
6.0898
6.0767
6.0634
6.05
6.036
6.0195
5.9977
5.9677
5.9271
5.8764
5.8199
5.765
5.7193
5.6873
5.6701
5.6659
5.6716
5.6836
5.6992
5.7166
5.7353
5.756
5.78
5.8086
5.8424
5.8806
5.9202
5.9565
5.9844
5.9999
6.0009
5.988
5.9636
5.9308
5.8932
5.8546
5.8191
5.7894
5.7659
5.7466
5.7283
5.7078
5.6824
5.6498
5.6085
5.5582
5.4997
5.4353
5.3676
5.2988
5.2302
5.1621
5.0938
5.0246
4.955
4.8868
4.8227
4.7652
4.7146
4.6693
4.6262
4.5824
4.5352
4.4833
4.4269
4.3669
4.3036
4.2365
4.1638
4.0842
3.9966
3.9014
3.8002
3.6961
3.5934
3.4964
3.4092
3.3336
3.2698
3.2158
3.1685
3.1247
3.0818
3.0389
2.9966
2.9563
2.9185
2.8821
2.845
2.8052
2.7619
2.716
2.6692
2.6243
2.5841
2.5508
2.5248
2.5052
2.4893
2.4736
2.4543
2.4283
2.3931
2.3467
2.2884
2.2188
2.139
2.0508
1.956
1.8547
1.7467
1.6324
1.514
1.395
1.2776
1.1596
1.037
0.90888
0.78025
0.65574
0.53552
0.41789
0.30144
0.18545
0.069632
-0.045959
-0.16106
-0.27563
-0.39084
-0.50935
-0.6348
-0.76837
-0.90682
-1.1448
-1.2526
-1.3834
-1.5271
-1.68
-1.8345
-1.9811
-2.113
-2.113
