8.868
8.8369
8.8121
8.7946
8.7846
8.7818
8.7851
8.7942
8.8076
8.8229
8.8376
8.8513
8.8659
8.8819
8.8986
8.9158
8.9349
8.9582
8.9878
9.024
9.0656
9.1096
9.1515
9.1866
9.2123
9.2274
9.2323
9.2288
9.2195
9.2075
9.1952
9.1849
9.1784
9.1774
9.1848
9.2031
9.2324
9.2702
9.3128
9.355
9.393
9.4245
9.4475
9.4605
9.4624
9.4516
9.4274
9.3913
9.3471
9.2997
9.2536
9.2136
9.1833
9.1655
9.1621
9.1738
9.2003
9.2401
9.2903
9.3461
9.4004
9.4478
9.4879
9.5243
9.5605
9.5984
9.6383
9.6805
9.7253
9.7729
9.8229
9.8737
9.9225
9.9663
10.004
10.035
10.063
10.092
10.126
10.164
10.205
10.245
10.282
10.317
10.348
10.376
10.401
10.422
10.44
10.454
10.465
10.47
10.471
10.469
10.465
10.461
10.459
10.463
10.476
10.5
10.533
10.567
10.599
10.623
10.639
10.648
10.653
10.657
10.666
10.683
10.713
10.759
10.822
10.903
10.999
11.105
11.211
11.311
11.399
11.473
11.533
11.576
11.601
11.609
11.605
11.595
11.585
11.58
11.586
11.604
11.635
11.676
11.72
11.765
11.805
11.839
11.868
11.892
11.913
11.936
11.964
12.001
12.05
12.111
12.18
12.254
12.329
12.4
12.467
12.528
12.584
12.631
12.67
12.698
12.718
12.731
12.741
12.754
12.773
12.8
12.84
12.891
12.956
13.034
13.123
13.221
13.324
13.427
13.525
13.614
13.691
13.756
13.806
13.842
13.866
13.877
13.88
13.877
13.871
13.865
13.86
13.857
13.86
13.87
13.888
13.917
13.953
13.994
14.036
14.071
14.097
14.113
14.121
14.126
14.135
14.156
14.194
14.253
14.336
14.44
14.56
14.69
14.82
14.944
15.055
15.154
15.24
15.317
15.389
15.46
15.531
15.604
15.679
15.755
15.831
15.906
15.976
16.039
16.095
16.144
16.186
16.223
16.257
16.289
16.32
16.35
16.38
16.41
16.438
16.464
16.486
16.504
16.519
16.532
16.544
16.557
16.573
16.591
16.613
16.637
16.665
16.696
16.731
16.769
16.812
16.862
16.92
16.985
17.056
17.132
17.21
17.289
17.367
17.442
17.514
17.581
17.644
17.704
17.765
17.831
17.904
17.985
18.073
18.164
18.254
18.337
18.411
18.475
18.528
18.575
18.617
18.659
18.701
18.745
18.791
18.839
18.888
18.936
18.983
19.027
19.067
19.103
19.135
19.166
19.197
19.231
19.271
19.316
19.369
19.43
19.5
19.575
19.654
19.732
19.807
19.874
19.933
19.985
20.03
20.071
20.111
20.152
20.197
20.248
20.304
20.364
20.427
20.486
20.538
20.577
20.604
20.618
20.624
20.627
20.628
20.632
20.64
20.65
20.663
20.676
20.69
20.703
20.716
20.729
20.742
20.757
20.777
20.804
20.839
20.884
20.938
21
21.07
21.147
21.228
21.314
21.403
21.493
21.584
21.674
21.761
21.842
21.918
21.986
22.05
22.11
22.168
22.227
22.285
22.344
22.403
22.461
22.519
22.576
22.629
22.676
22.714
22.743
22.759
22.762
22.755
22.739
22.719
22.698
22.678
22.661
22.649
22.642
22.642
22.646
22.654
22.664
22.67
22.672
22.667
22.654
22.635
22.614
22.598
22.589
22.592
22.604
22.623
22.647
22.674
22.704
22.735
22.767
22.799
22.83
22.858
22.882
22.902
22.916
22.926
22.932
22.934
22.934
22.934
22.935
22.939
22.945
22.953
22.964
22.977
22.992
23.011
23.034
23.062
23.096
23.133
23.171
23.209
23.244
23.276
23.306
23.332
23.355
23.373
23.385
23.389
23.385
23.375
23.358
23.337
23.314
23.289
23.262
23.234
23.205
23.174
23.14
23.105
23.067
23.029
22.991
22.955
22.922
22.891
22.862
22.834
22.806
22.777
22.747
22.717
22.686
22.652
22.616
22.576
22.532
22.484
22.433
22.381
22.329
22.276
22.22
22.161
22.097
22.03
21.963
21.898
21.837
21.783
21.734
21.689
21.646
21.603
21.561
21.52
21.479
21.44
21.404
21.373
21.346
21.325
21.311
21.304
21.305
21.314
21.323
21.325
21.32
21.307
21.29
21.271
21.252
21.231
21.207
21.179
21.144
21.102
21.052
20.994
20.928
20.855
20.774
20.686
20.591
20.491
20.386
20.28
20.176
20.074
19.974
19.876
19.776
19.675
19.571
19.469
19.371
19.28
19.196
19.118
19.043
18.965
18.884
18.799
18.709
18.616
18.523
18.43
18.337
18.244
18.148
18.051
17.954
17.86
17.773
17.693
17.621
17.557
17.498
17.441
17.386
17.33
17.272
17.211
17.147
17.079
17.007
16.931
16.854
16.775
16.696
16.617
16.539
16.462
16.385
16.307
16.228
16.147
16.064
15.984
15.91
15.844
15.786
15.733
15.681
15.629
15.576
15.519
15.46
15.397
15.33
15.257
15.178
15.091
14.995
14.887
14.766
14.632
14.485
14.33
14.17
14.01
13.853
13.703
13.559
13.42
13.283
13.147
13.009
12.869
12.725
12.582
12.443
12.312
12.189
12.074
11.962
11.85
11.734
11.613
11.488
11.36
11.233
11.111
10.998
10.896
10.806
10.728
10.66
10.601
10.547
10.496
10.444
10.39
10.332
10.269
10.203
10.135
10.066
9.9976
9.9275
9.8549
9.7785
9.6979
9.6129
9.5241
9.432
9.3361
9.236
9.1312
9.021
8.9055
8.7863
8.6658
8.5465
8.4296
8.3154
8.2032
8.0917
7.9789
7.8625
7.7405
7.6121
7.4793
7.346
7.2158
7.0893
6.9653
6.8422
6.7185
6.594
6.4696
6.3455
6.2214
6.0972
5.9732
5.8503
5.7306
5.6158
5.5067
5.4034
5.307
5.2179
5.1357
5.0592
4.9864
4.9151
4.8432
4.7691
4.6917
4.61
4.5241
4.4352
4.345
4.2559
4.1704
4.0902
4.0171
3.9523
3.8966
3.8497
3.8106
3.777
3.7461
3.7152
3.6822
3.6462
3.6071
3.5648
3.5191
3.4688
3.4124
3.3486
3.2772
3.2
3.121
3.0452
2.9768
2.918
2.8683
2.8256
2.7871
2.75
2.7115
2.6694
2.623
2.5722
2.5177
2.4594
2.3972
2.3316
2.2653
2.2026
2.1486
2.1083
2.0846
2.0769
2.0823
2.0987
2.1257
2.1631
2.2109
2.2672
