-4.1631
-4.1837
-4.1939
-4.1918
-4.177
-4.1488
-4.1072
-4.0541
-3.9927
-3.9252
-3.8513
-3.7685
-3.6729
-3.5624
-3.4381
-3.3021
-3.1536
-2.9891
-2.8169
-2.6674
-2.5419
-2.4325
-2.336
-2.2505
-2.1753
-2.1111
-2.0589
-2.0191
-1.9914
-1.9758
-1.972
-1.9785
-1.9923
-2.0081
-2.0196
-2.0215
-2.0119
-1.9918
-1.965
-1.9372
-1.9138
-1.8969
-1.8836
-1.8666
-1.8359
-1.7841
-1.7132
-1.6329
-1.5476
-1.4565
-1.3596
-1.259
-1.1583
-1.0604
-0.96727
-0.88065
-0.80206
-0.73261
-0.67235
-0.6202
-0.57343
-0.52762
-0.47808
-0.42198
-0.35932
-0.29272
-0.22535
-0.15835
-0.089828
-0.015669
0.068354
0.16465
0.27289
0.38971
0.50838
0.62017
0.71806
0.80026
0.86977
0.9318
0.99126
1.0524
1.1187
1.1928
1.2746
1.3619
1.4513
1.5406
1.6291
1.7167
1.8029
1.8871
1.969
2.0493
2.129
2.209
2.2897
2.3715
2.454
2.536
2.6153
2.6894
2.7562
2.8152
2.8675
2.9152
2.96
3.0032
3.0456
3.0879
3.1315
3.1784
3.231
3.2914
3.3602
3.4361
3.5171
3.6005
3.6831
3.7621
3.8355
3.9015
3.9589
4.0078
4.0497
4.0874
4.1259
4.1708
4.2273
4.2993
4.3888
4.4943
4.6113
4.7338
4.8554
4.9694
5.0679
5.1454
5.2019
5.2413
5.2684
5.2881
5.305
5.3243
5.3518
5.3931
5.4526
5.5325
5.6323
5.7484
5.8746
6.0049
6.137
6.2731
6.4147
6.5536
6.6779
6.784
6.8756
6.957
7.0313
7.1004
7.1658
7.2285
7.2891
7.347
7.4003
7.4471
7.4857
7.515
7.535
7.5467
7.552
7.5531
7.5532
7.556
7.5659
7.5869
7.6218
7.6703
7.7298
7.797
7.8693
7.9449
8.022
8.0991
8.1744
8.2463
8.314
8.3774
8.4376
8.4968
8.557
8.6194
8.6836
8.7477
8.8094
8.8676
8.9223
8.9742
9.0242
9.0727
9.1199
9.1662
9.2121
9.2586
9.3066
9.3572
9.4111
9.4689
9.5309
9.5977
9.6701
9.7488
9.8328
9.9185
10
10.073
10.134
10.181
10.215
10.24
10.259
10.276
10.295
10.318
10.348
10.383
10.424
10.467
10.508
10.544
10.574
10.597
10.614
10.626
10.633
10.636
10.639
10.64
10.643
10.646
10.651
10.659
10.668
10.681
10.696
10.714
10.736
10.763
10.796
10.834
10.876
10.919
10.961
11
11.034
11.061
11.082
11.097
11.106
11.111
11.115
11.119
11.124
11.134
11.147
11.165
11.188
11.216
11.25
11.288
11.33
11.373
11.413
11.447
11.473
11.491
11.501
11.506
11.509
11.514
11.525
11.543
11.568
11.597
11.627
11.655
11.677
11.69
11.694
11.686
11.669
11.645
11.617
11.589
11.563
11.543
11.53
11.523
11.524
11.53
11.539
11.549
11.557
11.562
11.559
11.547
11.521
11.478
11.41
11.316
11.202
11.083
10.979
10.897
10.831
10.777
10.726
10.673
10.614
10.549
10.482
10.421
10.373
10.341
10.326
10.322
10.323
10.323
10.318
10.305
10.286
10.262
10.237
10.216
10.2
10.19
10.188
10.192
10.199
10.207
10.216
10.225
10.233
10.241
10.247
10.247
10.236
10.207
10.153
10.075
9.9753
9.8647
9.7525
9.6469
9.5528
9.4726
9.4067
9.3535
9.31
9.2721
9.2357
9.1978
9.1561
9.1098
9.0589
9.004
8.946
8.8854
8.8217
8.7537
8.6789
8.595
8.5002
8.3939
8.2762
8.1478
8.0103
7.8687
7.7339
7.619
7.5282
7.4572
7.4001
7.3507
7.3035
7.2531
7.1946
7.1243
7.0419
6.9511
6.8573
6.764
6.6724
6.5827
6.4945
6.407
6.3194
6.2313
6.1436
6.0586
5.9796
5.9091
5.8483
5.7971
5.7542
5.7177
5.6849
5.6534
5.6203
5.5834
5.54
5.4877
5.424
5.3469
5.2551
5.1489
5.0308
4.9064
4.7828
4.6653
4.5554
4.4516
4.3511
4.251
4.1498
4.047
3.9423
3.8362
3.7297
3.6238
3.519
3.4152
3.3115
3.2065
3.0994
2.9896
2.8781
2.7666
2.6572
2.5518
2.4515
2.3558
2.2635
2.1723
2.0797
1.9836
1.8816
1.7716
1.6521
1.5224
1.3836
1.2395
1.0961
0.95892
0.83145
0.71339
0.60181
0.49368
0.38773
0.2845
0.18574
0.093117
0.0073672
-0.071358
-0.14308
-0.2085
-0.26946
-0.32834
-0.38723
-0.44735
-0.50907
-0.57216
-0.63656
-0.70282
-0.77186
-0.84436
-0.92026
-0.99879
-1.0784
-1.157
-1.2328
-1.3054
-1.3751
-1.4418
-1.506
-1.5679
-1.6286
-1.6906
-1.7571
-1.8317
-1.9174
-2.0154
-2.1235
-2.2369
-2.3487
-2.4528
-2.5464
-2.6297
-2.7053
-2.7769
-2.8491
-2.926
-3.0109
-3.1052
-3.2079
-3.3156
-3.4229
-3.5251
-3.6194
-3.7061
-3.7878
-3.869
-3.9549
-4.0498
-4.1555
-4.271
-4.3921
-4.5136
-4.6314
-4.7421
-4.8433
-4.9341
-5.0157
-5.0919
-5.1677
-5.2479
-5.3356
-5.4313
-5.5314
-5.6281
-5.7126
-5.7787
-5.8258
-5.8577
-5.8795
-5.8964
-5.9121
-5.929
-5.9483
-5.9704
-5.9956
-6.0243
-6.0565
-6.0923
-6.1314
-6.1733
-6.2171
-6.2617
-6.306
-6.3495
-6.3921
-6.4337
-6.4749
-6.5165
-6.56
-6.607
-6.6584
-6.7142
-6.774
-6.8363
-6.899
-6.9598
-7.0169
-7.0691
-7.1161
-7.158
-7.1955
-7.2296
-7.2615
-7.2925
-7.3243
-7.3582
-7.3951
-7.435
-7.4776
-7.5215
-7.5653
-7.6073
-7.6457
-7.6787
-7.7043
-7.7206
-7.7265
-7.722
-7.7078
-7.6861
-7.6601
-7.6326
-7.6058
-7.5809
-7.5585
-7.5384
-7.5202
-7.5036
-7.4886
-7.4756
-7.4659
-7.4613
-7.4634
-7.4731
-7.4905
-7.515
-7.5452
-7.5797
-7.6177
-7.6589
-7.702
-7.7448
-7.7837
-7.8153
-7.8379
-7.8517
-7.8575
-7.8562
-7.8486
-7.8355
-7.8175
-7.7956
-7.7714
-7.7464
-7.7222
-7.6996
-7.6778
-7.6548
-7.6277
-7.5938
-7.5512
-7.4994
-7.4399
-7.3749
-7.3064
-7.2363
-7.1655
-7.0944
-7.0229
-6.9502
-6.8747
-6.7956
-6.7131
-6.6286
-6.5443
-6.4625
-6.3846
-6.3115
-6.2433
-6.1801
-6.1211
-6.0657
-6.0128
-5.9615
-5.9104
-5.859
-5.8073
-5.7561
-5.7069
-5.6607
-5.6173
-5.5745
-5.5285
-5.4759
-5.4147
-5.3465
-5.2742
-5.2004
-5.1262
-5.0524
-4.9794
-4.9078
-4.8373
-4.7678
-4.6985
-4.6287
-4.5578
-4.4859
-4.414
-4.3433
-4.2749
-4.2094
-4.1463
-4.0839
-4.019
-3.9467
-3.8613
-3.7566
-3.6304
-3.4878
-3.3414
-3.2037
-3.0811
-2.9747
-2.8827
-2.8025
-2.7321
-2.6699
-2.6155
-2.5691
-2.5312
-2.5009
-2.4748
-2.4476
-2.4137
-2.3693
-2.3134
-2.2474
-2.1754
-2.1041
-2.041
-1.9923
-1.9629
-1.957
-1.978
-2.0288
-2.1124
-2.2229
