1.0997
1.0448
1.0132
0.99802
0.99528
1.0027
1.0176
1.0369
1.0562
1.0702
1.0734
1.0639
1.0456
1.0251
1.0069
0.99282
0.98246
0.97492
0.97005
0.96794
0.9683
0.97119
0.97645
0.98247
0.9867
0.98763
0.98645
0.98735
0.99443
1.0069
1.0193
1.0276
1.0263
1.0059
0.95643
0.87321
0.76349
0.6478
0.54691
0.47026
0.41699
0.38122
0.35603
0.33508
0.31312
0.28676
0.25525
0.22001
0.18302
0.14539
0.1068
0.065854
0.021469
-0.02644
-0.076975
-0.12835
-0.17795
-0.22403
-0.2666
-0.30701
-0.34753
-0.39141
-0.44118
-0.49814
-0.56265
-0.63352
-0.70748
-0.78062
-0.84849
-0.90673
-0.95291
-0.98705
-1.0104
-1.025
-1.0337
-1.0399
-1.0472
-1.0586
-1.0758
-1.0986
-1.1254
-1.1538
-1.1813
-1.2066
-1.2296
-1.2517
-1.2746
-1.3002
-1.3297
-1.3643
-1.4051
-1.4535
-1.5107
-1.5776
-1.6535
-1.7363
-1.8216
-1.9063
-1.9893
-2.0711
-2.1512
-2.2282
-2.3013
-2.372
-2.4441
-2.522
-2.6089
-2.7052
-2.8083
-2.9136
-3.0171
-3.1159
-3.2085
-3.295
-3.3771
-3.4565
-3.5353
-3.6153
-3.6973
-3.7817
-3.8687
-3.9581
-4.0483
-4.1364
-4.2184
-4.2906
-4.3519
-4.4043
-4.4515
-4.4991
-4.5529
-4.6176
-4.6963
-4.7894
-4.8933
-5.0008
-5.1037
-5.1953
-5.2722
-5.3351
-5.3873
-5.4341
-5.4809
-5.5309
-5.5844
-5.6396
-5.6935
-5.7441
-5.7918
-5.8388
-5.8877
-5.9416
-6.0032
-6.0748
-6.1574
-6.2517
-6.3563
-6.468
-6.5837
-6.7007
-6.8174
-6.9318
-7.0417
-7.1465
-7.2491
-7.3533
-7.4611
-7.5726
-7.6853
-7.7948
-7.8995
-8.0024
-8.1084
-8.2222
-8.3481
-8.4879
-8.6367
-8.7805
-8.907
-9.0149
-9.1102
-9.2003
-9.2898
-9.3804
-9.4712
-9.5607
-9.6481
-9.7338
-9.8182
-9.9019
-9.9853
-10.069
-10.151
-10.231
-10.308
-10.379
-10.444
-10.504
-10.56
-10.613
-10.665
-10.716
-10.761
-10.798
-10.828
-10.852
-10.875
-10.899
-10.926
-10.959
-11.001
-11.053
-11.115
-11.186
-11.263
-11.342
-11.42
-11.496
-11.569
-11.642
-11.718
-11.803
-11.897
-12.004
-12.123
-12.251
-12.383
-12.509
-12.622
-12.719
-12.798
-12.863
-12.919
-12.971
-13.026
-13.086
-13.153
-13.226
-13.301
-13.373
-13.441
-13.501
-13.554
-13.603
-13.65
-13.697
-13.746
-13.795
-13.842
-13.887
-13.929
-13.969
-14.007
-14.045
-14.083
-14.122
-14.16
-14.2
-14.243
-14.292
-14.348
-14.412
-14.479
-14.547
-14.612
-14.673
-14.731
-14.786
-14.839
-14.887
-14.928
-14.96
-14.982
-14.996
-15.004
-15.008
-15.01
-15.012
-15.014
-15.018
-15.023
-15.03
-15.037
-15.043
-15.046
-15.048
-15.046
-15.044
-15.044
-15.046
-15.054
-15.066
-15.083
-15.102
-15.122
-15.138
-15.149
-15.152
-15.146
-15.132
-15.111
-15.087
-15.062
-15.045
-15.039
-15.046
-15.065
-15.092
-15.122
-15.15
-15.173
-15.187
-15.194
-15.194
-15.189
-15.18
-15.17
-15.157
-15.144
-15.13
-15.118
-15.108
-15.102
-15.101
-15.103
-15.108
-15.115
-15.12
-15.121
-15.113
-15.092
-15.058
-15.009
-14.95
-14.886
-14.822
-14.761
-14.707
-14.659
-14.618
-14.583
-14.552
-14.524
-14.496
-14.467
-14.434
-14.394
-14.344
-14.283
-14.212
-14.134
-14.051
-13.967
-13.884
-13.801
-13.719
-13.637
-13.558
-13.483
-13.415
-13.353
-13.296
-13.239
-13.177
-13.109
-13.031
-12.948
-12.864
-12.784
-12.712
-12.647
-12.588
-12.53
-12.469
-12.404
-12.336
-12.266
-12.198
-12.135
-12.077
-12.025
-11.978
-11.934
-11.889
-11.84
-11.785
-11.721
-11.647
-11.564
-11.474
-11.377
-11.277
-11.177
-11.079
-10.985
-10.895
-10.81
-10.729
-10.65
-10.573
-10.499
-10.428
-10.362
-10.302
-10.249
-10.202
-10.158
-10.114
-10.067
-10.012
-9.9455
-9.8666
-9.7746
-9.6714
-9.5597
-9.4429
-9.3239
-9.2045
-9.0862
-8.9704
-8.8585
-8.7524
-8.6527
-8.5587
-8.4672
-8.3742
-8.2751
-8.1673
-8.0516
-7.9311
-7.8101
-7.6914
-7.5756
-7.4614
-7.3474
-7.2325
-7.1166
-7.0006
-6.8861
-6.7741
-6.6655
-6.5605
-6.4586
-6.3597
-6.2639
-6.1715
-6.0828
-5.9975
-5.9138
-5.8287
-5.7385
-5.6393
-5.5282
-5.4044
-5.2702
-5.1319
-4.999
-4.8796
-4.7762
-4.6869
-4.6074
-4.5334
-4.4616
-4.3895
-4.3155
-4.2381
-4.1556
-4.0672
-3.9728
-3.8738
-3.7731
-3.6744
-3.5807
-3.4936
-3.4125
-3.3359
-3.261
-3.1853
-3.1076
-3.029
-2.9518
-2.8781
-2.8084
-2.7414
-2.6752
-2.6085
-2.5408
-2.4723
-2.4039
-2.3363
-2.2695
-2.2022
-2.1328
-2.0596
-1.982
-1.9005
-1.8173
-1.7349
-1.6555
-1.5796
-1.5066
-1.4343
-1.3602
-1.2823
-1.1992
-1.1112
-1.0196
-0.92566
-0.83043
-0.7342
-0.63651
-0.53685
-0.43561
-0.33408
-0.23436
-0.13874
-0.048813
0.034999
0.1131
0.1864
0.25593
0.32283
0.38813
0.45275
0.51725
0.58178
0.6463
0.71101
0.77691
0.84576
0.91919
0.99653
1.0733
1.143
1.2006
1.2448
1.2768
1.2992
1.3154
1.3285
1.3413
1.3551
1.3704
1.3864
1.402
1.4159
1.4275
1.4367
1.4443
1.4518
1.4611
1.474
1.492
1.5157
1.5447
1.5771
1.6101
1.6408
1.6668
1.6869
1.7013
1.711
1.7173
1.7218
1.7256
1.7294
1.7333
1.7374
1.7413
1.7452
1.7496
1.7558
1.7659
1.782
1.8062
1.8397
1.8827
1.9341
1.9918
2.0525
2.1123
2.1667
2.2115
2.243
2.26
2.2636
2.2578
2.2472
2.2358
2.226
2.2178
2.2099
2.2006
2.1885
2.1738
2.1578
2.1434
2.1335
2.1309
2.1371
2.1522
2.1746
2.2008
2.2267
2.248
2.2607
2.2625
2.2525
2.2316
2.203
2.1712
2.1411
2.1164
2.0989
2.0878
2.0802
2.0719
2.0583
2.0351
1.9993
1.9506
1.8907
1.8241
1.7557
1.689
1.6253
1.5642
1.5038
1.4426
1.3799
1.3162
1.252
1.1885
1.126
1.0644
1.0038
0.94438
0.88671
0.83106
0.77714
0.72369
0.6689
0.61089
0.54818
0.48024
0.40795
0.33351
0.26024
0.19134
0.12881
0.072974
0.02251
-0.025324
-0.073693
-0.12538
-0.18224
-0.24481
-0.3122
-0.38248
-0.45335
-0.52272
-0.58926
-0.65263
-0.71343
-0.77273
-0.83184
-0.89189
-0.95355
-1.0168
-1.081
-1.1448
-1.2067
-1.2653
-1.3202
-1.3711
-1.4189
-1.4646
-1.5095
-1.5539
-1.5977
-1.6405
-1.6814
-1.7207
-1.7595
-1.7998
-1.8437
-1.893
-1.9489
-2.0103
-2.0757
-2.1431
-2.2114
-2.2806
-2.3523
-2.4263
-2.4991
-2.5657
-2.6244
-2.676
-2.7227
-2.7657
-2.806
-2.8445
-2.8827
-2.9214
-2.9606
-2.9997
-3.0381
-3.0749
-3.1094
-3.1419
-3.1726
-3.2024
-3.2321
-3.2633
-3.2975
