-9.435
-9.4427
-9.4529
-9.465
-9.4786
-9.4921
-9.504
-9.5132
-9.519
-9.5214
-9.5214
-9.52
-9.5178
-9.5157
-9.515
-9.5173
-9.524
-9.5362
-9.5542
-9.5766
-9.6012
-9.6256
-9.6472
-9.6639
-9.6738
-9.6743
-9.6637
-9.6429
-9.6189
-9.6
-9.5883
-9.5817
-9.5779
-9.5758
-9.5755
-9.5779
-9.5841
-9.5943
-9.6083
-9.6254
-9.6432
-9.6595
-9.673
-9.6818
-9.6845
-9.6806
-9.6699
-9.6512
-9.6238
-9.5881
-9.5465
-9.5039
-9.4671
-9.4401
-9.4228
-9.4133
-9.409
-9.4072
-9.4064
-9.4065
-9.4086
-9.4136
-9.4213
-9.4295
-9.4351
-9.435
-9.4271
-9.4108
-9.3865
-9.3558
-9.3203
-9.2812
-9.2387
-9.1915
-9.1371
-9.0728
-8.9971
-8.9113
-8.82
-8.7297
-8.6456
-8.571
-8.5072
-8.455
-8.4138
-8.3823
-8.3578
-8.3365
-8.3146
-8.2911
-8.2672
-8.2436
-8.2188
-8.1884
-8.1459
-8.086
-8.0094
-7.9236
-7.8369
-7.7532
-7.6733
-7.5973
-7.526
-7.4594
-7.396
-7.3325
-7.2649
-7.1896
-7.1054
-7.0146
-6.9229
-6.8368
-6.7611
-6.6968
-6.6382
-6.5761
-6.5044
-6.4212
-6.3302
-6.2399
-6.1569
-6.0816
-6.0113
-5.9424
-5.8705
-5.7912
-5.7022
-5.6052
-5.5018
-5.3915
-5.2755
-5.1604
-5.055
-4.9645
-4.8908
-4.8335
-4.7895
-4.7541
-4.7227
-4.6909
-4.6551
-4.6126
-4.5621
-4.5029
-4.435
-4.3592
-4.2767
-4.1894
-4.099
-4.0066
-3.9128
-3.818
-3.7223
-3.6264
-3.531
-3.4371
-3.3458
-3.258
-3.1742
-3.0941
-3.0172
-2.9431
-2.8708
-2.7986
-2.7244
-2.6456
-2.5602
-2.4676
-2.3691
-2.2678
-2.168
-2.0738
-1.9877
-1.9109
-1.8427
-1.781
-1.7234
-1.6675
-1.6114
-1.5538
-1.4941
-1.4335
-1.374
-1.3184
-1.2685
-1.2244
-1.1836
-1.142
-1.0945
-1.0361
-0.96192
-0.86944
-0.76018
-0.64323
-0.53252
-0.4373
-0.35863
-0.29287
-0.23583
-0.18496
-0.13932
-0.099074
-0.064019
-0.032326
-0.00019284
0.037007
0.082442
0.13621
0.19732
0.26616
0.34404
0.43217
0.53136
0.64104
0.75884
0.88184
1.0074
1.1328
1.2552
1.3719
1.4807
1.5804
1.6711
1.7525
1.824
1.886
1.9404
1.9896
2.0368
2.085
2.1361
2.1909
2.2482
2.3055
2.3604
2.4109
2.456
2.4964
2.5337
2.5702
2.6086
2.6507
2.6974
2.7473
2.7979
2.8461
2.8888
2.924
2.9506
2.9687
2.9792
2.9842
2.9867
2.9898
2.9965
3.009
3.0279
3.0527
3.0815
3.1116
3.14
3.1643
3.1829
3.1951
3.2013
3.2023
3.1991
3.1928
3.185
3.177
3.1697
3.1634
3.1577
3.1518
3.1452
3.1376
3.1291
3.1203
3.1116
3.1034
3.0956
3.0877
3.0789
3.0691
3.0585
3.0477
3.0375
3.0288
3.0217
3.0163
3.0129
3.0117
3.0127
3.0161
3.022
3.0297
3.038
3.045
3.0484
3.0459
3.0359
3.0178
2.9919
2.9597
2.924
2.8887
2.8581
2.836
2.8251
2.8255
2.8352
2.8503
2.8665
2.8794
2.8865
2.8867
2.8805
2.8696
2.8561
2.8426
2.8311
2.8221
2.8143
2.8047
2.7899
2.7663
2.7319
2.6862
2.6311
2.5708
2.51
2.4525
2.399
2.3472
2.2933
2.2335
2.1657
2.0906
2.0118
1.9345
1.864
1.8036
1.7536
1.7117
1.6737
1.634
1.587
1.5281
1.4545
1.366
1.2655
1.1578
1.049
0.94446
0.84826
0.76336
0.69175
0.63353
0.58661
0.54699
0.50932
0.46789
0.41884
0.36162
0.29912
0.23605
0.17662
0.12275
0.074033
0.028005
-0.018915
-0.070624
-0.12972
-0.19621
-0.26708
-0.33771
-0.40332
-0.46082
-0.50969
-0.55109
-0.58634
-0.61656
-0.64274
-0.66569
-0.68656
-0.70746
-0.73132
-0.76114
-0.79948
-0.84782
-0.90598
-0.97183
-1.0416
-1.1104
-1.1737
-1.2296
-1.2794
-1.3275
-1.3792
-1.4391
-1.51
-1.5904
-1.6758
-1.7607
-1.8409
-1.9149
-1.9835
-2.0482
-2.1105
-2.1723
-2.2358
-2.3035
-2.378
-2.4612
-2.554
-2.6547
-2.7606
-2.8678
-2.9725
-3.0717
-3.1639
-3.2485
-3.3253
-3.3947
-3.4579
-3.5162
-3.5717
-3.6268
-3.6839
-3.745
-3.8112
-3.8829
-3.959
-4.038
-4.1177
-4.1963
-4.2728
-4.3473
-4.421
-4.4952
-4.5705
-4.6461
-4.7206
-4.7922
-4.8591
-4.9207
-4.9771
-5.029
-5.0773
-5.1231
-5.1671
-5.2101
-5.2524
-5.2945
-5.3364
-5.3777
-5.4176
-5.4553
-5.49
-5.521
-5.5486
-5.5733
-5.5959
-5.6175
-5.639
-5.6611
-5.6842
-5.7085
-5.7341
-5.7608
-5.788
-5.8149
-5.8401
-5.8621
-5.8792
-5.8907
-5.8961
-5.8961
-5.8924
-5.8881
-5.8866
-5.8912
-5.9044
-5.9273
-5.9598
-6.0004
-6.0468
-6.0958
-6.144
-6.1882
-6.225
-6.252
-6.2685
-6.2755
-6.2748
-6.269
-6.2601
-6.2496
-6.2382
-6.227
-6.2168
-6.2079
-6.2001
-6.1933
-6.1858
-6.1754
-6.1604
-6.1396
-6.1123
-6.0794
-6.0434
-6.0069
-5.9726
-5.9435
-5.9214
-5.9071
-5.9003
-5.8998
-5.904
-5.9115
-5.9216
-5.9343
-5.9495
-5.9668
-5.9853
-6.0035
-6.0196
-6.0314
-6.0368
-6.0344
-6.0232
-6.0031
-5.9751
-5.9407
-5.9012
-5.8578
-5.8112
-5.762
-5.7111
-5.6594
-5.6076
-5.5563
-5.5053
-5.454
-5.4013
-5.3461
-5.2869
-5.2229
-5.1536
-5.0793
-5.0009
-4.9204
-4.8394
-4.7591
-4.6791
-4.5981
-4.5154
-4.4315
-4.3492
-4.2726
-4.2057
-4.151
-4.1093
-4.079
-4.0572
-4.0407
-4.0269
-4.0143
-4.0024
-3.9914
-3.9819
-3.9743
-3.9688
-3.965
-3.9626
-3.9607
-3.9585
-3.9547
-3.9481
-3.9371
-3.9206
-3.8981
-3.8699
-3.8375
-3.8032
-3.7689
-3.7358
-3.7044
-3.6739
-3.6429
-3.61
-3.5742
-3.5346
-3.4909
-3.4436
-3.3934
-3.3418
-3.2906
-3.242
-3.1977
-3.1583
-3.1233
-3.0915
-3.0616
-3.0318
-3.0009
-2.9678
-2.9313
-2.8901
-2.8426
-2.7869
-2.7215
-2.6455
-2.5597
-2.4655
-2.3653
-2.2616
-2.1564
-2.0499
-1.9418
-1.8313
-1.7177
-1.6015
-1.4856
-1.3736
-1.2667
-1.1645
-1.0667
-0.97355
-0.88567
-0.80357
-0.72694
-0.6543
-0.58323
-0.5106
-0.43375
-0.35168
-0.2654
-0.17734
-0.090345
-0.0063401
0.074039
0.15146
0.22772
0.3056
0.38814
0.47782
0.5755
0.67987
0.7877
0.89507
0.99879
1.0975
1.1922
1.2853
1.3802
1.4797
1.5847
1.6932
1.8012
1.9034
1.9952
2.0738
2.1385
2.1906
2.2332
2.2703
2.3053
2.3412
2.3795
2.4206
2.4642
2.5093
2.5547
2.5995
2.6434
2.686
2.7272
2.7664
2.8025
2.8339
2.8587
2.8761
2.8858
2.8888
2.8865
2.8812
2.8758
2.874
2.878
2.8883
2.9037
2.9223
2.9419
2.9609
2.9776
2.9904
2.9987
3.0029
3.0038
3.0024
2.9981
2.9897
2.9775
2.965
2.9559
2.9515
2.9514
2.9545
2.9601
2.9682
2.9789
2.992
3.0073
3.0248
3.0438
