0
0.041
0.081
0.122
0.162
0.202
0.24
0.277
0.312
0.345
0.375
0.403
0.428
0.449
0.467
0.482
0.494
0.503
0.509
0.513
0.515
0.516
0.517
0.517
0.517
0.518
0.519
0.521
0.523
0.525
0.528
0.531
0.535
0.538
0.541
0.545
0.548
0.551
0.554
0.557
0.56
0.563
0.567
0.571
0.577
0.584
0.594
0.607
0.622
0.641
0.663
0.689
0.717
0.749
0.782
0.818
0.854
0.89
0.926
0.96
0.991
1.018
1.042
1.06
1.072
1.079
1.081
1.076
1.066
1.051
1.031
1.007
0.979
0.949
0.916
0.882
0.847
0.81
0.774
0.739
0.704
0.672
0.642
0.615
0.591
0.57
0.551
0.536
0.523
0.512
0.503
0.495
0.488
0.481
0.474
0.468
0.462
0.457
0.451
0.447
0.443
0.441
0.44
0.441
0.444
0.449
0.457
0.466
0.477
0.49
0.504
0.52
0.536
0.554
0.572
0.59
0.608
0.626
0.644
0.661
0.677
0.692
0.705
0.715
0.724
0.729
0.732
0.731
0.726
0.719
0.707
0.693
0.674
0.653
0.629
0.603
0.576
0.548
0.52
0.493
0.467
0.443
0.422
0.404
0.39
0.379
0.373
0.372
0.375
0.384
0.398
0.418
0.445
0.477
0.516
0.562
0.613
0.669
0.731
0.796
0.865
0.937
1.01
1.083
1.156
1.227
1.296
1.362
1.424
1.482
1.534
1.58
1.62
1.653
1.682
1.705
1.724
1.74
1.754
1.765
1.776
1.785
1.794
1.804
1.813
1.824
1.836
1.85
1.865
1.881
1.899
1.919
1.94
1.963
1.987
2.014
2.041
2.069
2.098
2.127
2.155
2.183
2.21
2.236
2.26
2.283
2.305
2.324
2.343
2.359
2.375
2.389
2.402
2.415
2.427
2.44
2.453
2.467
2.482
2.499
2.518
2.538
2.56
2.585
2.611
2.64
2.67
2.701
2.734
2.768
2.803
2.839
2.874
2.91
2.945
2.98
3.014
3.047
3.078
3.109
3.138
3.166
3.193
3.219
3.245
3.269
3.294
3.318
3.342
3.366
3.39
3.414
3.438
3.462
3.486
3.51
3.533
3.557
3.58
3.603
3.625
3.647
3.668
3.69
3.71
3.731
3.752
3.772
3.793
3.814
3.836
3.858
3.882
3.906
3.931
3.956
3.983
4.01
4.039
4.068
4.098
4.129
4.161
4.195
4.229
4.265
4.301
4.338
4.376
4.413
4.451
4.489
4.526
4.563
4.599
4.634
4.669
4.702
4.734
4.764
4.793
4.821
4.847
4.87
4.892
4.912
4.931
4.947
4.962
4.975
4.987
4.998
5.007
5.015
5.022
5.028
5.035
5.041
5.047
5.054
5.062
5.07
5.078
5.088
5.098
5.11
5.122
5.136
5.151
5.167
5.184
5.202
5.223
5.244
5.268
5.293
5.32
5.348
5.377
5.408
5.439
5.471
5.503
5.534
5.566
5.596
5.625
5.653
5.679
5.703
5.725
5.745
5.764
5.781
5.797
5.812
5.826
5.839
5.852
5.864
5.876
5.887
5.898
5.909
5.919
5.93
5.94
5.951
5.961
5.973
5.984
5.996
6.008
6.02
6.031
6.041
6.049
6.055
6.059
6.061
6.061
6.059
6.056
6.051
6.044
6.036
6.027
6.017
6.007
5.996
5.985
5.974
5.964
5.956
5.949
5.945
5.943
5.943
5.947
5.954
5.964
5.977
5.995
6.015
6.04
6.067
6.098
6.132
6.169
6.208
6.249
6.291
6.334
6.377
6.42
6.464