1
1.004
1.008
1.012
1.016
1.02
1.024
1.028
1.033
1.038
1.043
1.049
1.054
1.06
1.066
1.072
1.078
1.085
1.091
1.098
1.104
1.11
1.117
1.123
1.13
1.138
1.146
1.155
1.165
1.177
1.189
1.203
1.218
1.235
1.253
1.271
1.291
1.313
1.335
1.357
1.381
1.406
1.431
1.456
1.482
1.508
1.535
1.561
1.587
1.613
1.638
1.663
1.687
1.71
1.732
1.753
1.772
1.79
1.808
1.823
1.838
1.85
1.862
1.872
1.881
1.888
1.896
1.902
1.907
1.913
1.918
1.922
1.927
1.931
1.936
1.941
1.946
1.951
1.956
1.962
1.968
1.975
1.983
1.992
2.002
2.013
2.026
2.039
2.055
2.071
2.089
2.107
2.127
2.148
2.169
2.191
2.213
2.236
2.258
2.281
2.304
2.328
2.353
2.378
2.405
2.432
2.461
2.49
2.52
2.551
2.583
2.615
2.648
2.68
2.712
2.743
2.774
2.802
2.828
2.852
2.873
2.892
2.907
2.919
2.928
2.934
2.937
2.936
2.932
2.925
2.915
2.903
2.888
2.871
2.853
2.833
2.813
2.792
2.772
2.752
2.732
2.714
2.698
2.682
2.668
2.656
2.644
2.634
2.625
2.617
2.609
2.602
2.596
2.591
2.586
2.583
2.58
2.577
2.576
2.576
2.578
2.581
2.586
2.594
2.605
2.62
2.639
2.662
2.69
2.722
2.757
2.795
2.834
2.874
2.913
2.951
2.988
3.024
3.06
3.096
3.131
3.168
3.206
3.246
3.287
3.331
3.376
3.424
3.474
3.526
3.581
3.637
3.696
3.756
3.817
3.879
3.941
4.003
4.063
4.121
4.177
4.23
4.279
4.325
4.368
4.408
4.446
4.481
4.514
4.545
4.575
4.605
4.634
4.662
4.691
4.72
4.749
4.778
4.806
4.834
4.861
4.886
4.91
4.932
4.952
4.97
4.986
5
5.011
5.021
5.028
5.034
5.038
5.041
5.042
5.041
5.039
5.036
5.033
5.028
5.024
5.019
5.015
5.011
5.009
5.008
5.009
5.011
5.015
5.021
5.029
5.039
5.049
5.061
5.075
5.089
5.104
5.12
5.136
5.153
5.169
5.186
5.202
5.218
5.234
5.25
5.265
5.282
5.298
5.315
5.332
5.349
5.366
5.382
5.396
5.408
5.418
5.426
5.431
5.434
5.435
5.435
5.433
5.431
5.429
5.427
5.426
5.426
5.426
5.428
5.431
5.436
5.443
5.452
5.463
5.477
5.494
5.514
5.537
5.562
5.59
5.62
5.652
5.686
5.722
5.758
5.794
5.829
5.862
5.893
5.921
5.944
5.964
5.979
5.989
5.994
5.994
5.988
5.976
5.959
5.936
5.909
5.878
5.843
5.807
5.769
5.731
5.692
5.655
5.618
5.582
5.547
5.513
5.48
5.449
5.417
5.387
5.357
5.326
5.296
5.266
5.236
5.206
5.177
5.148
5.119
5.092
5.066
5.041
5.017
4.995
4.975
4.955
4.937
4.919
4.9
4.881
4.862
4.84
4.818
4.793
4.767
4.738
4.708
4.675
4.641
4.606
4.569
4.531
4.493
4.454
4.415
4.378
4.342
4.308
4.278
4.251
4.227
4.209
4.194
4.184
4.179
4.177
4.179
4.185
4.194
4.206
4.219
4.235
4.252
4.27
4.288
4.306
4.323
4.338
4.352
4.364
4.373
4.379
4.381
4.38
4.375
4.366
4.353
4.337
4.317
4.293
4.266
4.237
4.205
4.171
4.135
4.097
4.059
4.02
3.979
3.939
3.898
3.857