2.807
2.827
2.847
2.867
2.888
2.908
2.929
2.95
2.97
2.991
3.01
3.03
3.049
3.066
3.083
3.099
3.113
3.127
3.139
3.151
3.162
3.172
3.183
3.192
3.202
3.212
3.222
3.232
3.242
3.253
3.264
3.275
3.287
3.299
3.311
3.324
3.338
3.352
3.367
3.383
3.4
3.418
3.437
3.458
3.48
3.503
3.528
3.556
3.586
3.618
3.654
3.694
3.736
3.783
3.833
3.887
3.945
4.007
4.072
4.14
4.21
4.282
4.355
4.429
4.5
4.569
4.633
4.691
4.742
4.786
4.821
4.847
4.866
4.878
4.884
4.883
4.878
4.867
4.853
4.836
4.817
4.797
4.777
4.757
4.738
4.721
4.705
4.69
4.678
4.668
4.659
4.653
4.649
4.647
4.648
4.65
4.654
4.66
4.668
4.676
4.686
4.697
4.709
4.722
4.736
4.751
4.767
4.783
4.8
4.816
4.833
4.849
4.864
4.879
4.892
4.904
4.915
4.924
4.933
4.94
4.946
4.951
4.955
4.957
4.958
4.957
4.955
4.951
4.945
4.937
4.927
4.916
4.902
4.887
4.87
4.85
4.83
4.808
4.785
4.762
4.739
4.716
4.695
4.675
4.658
4.642
4.629
4.618
4.611
4.607
4.606
4.609
4.616
4.627
4.643
4.664
4.689
4.719
4.753
4.79
4.832
4.876
4.922
4.971
5.021
5.073
5.125
5.178
5.231
5.283
5.332
5.38
5.425
5.468
5.509
5.547
5.582
5.614
5.642
5.667
5.688
5.705
5.718
5.727
5.733
5.735
5.734
5.73
5.723
5.714
5.703
5.69
5.676
5.661
5.645
5.629
5.613
5.598
5.582
5.567
5.553
5.538
5.523
5.508
5.493
5.478
5.462
5.445
5.428
5.41
5.391
5.371
5.351
5.33
5.309
5.288
5.267
5.247
5.226
5.207
5.188
5.17
5.153
5.137
5.123
5.109
5.097
5.086
5.076
5.066
5.058
5.05
5.042
5.036
5.029
5.023
5.018
5.012
5.007
5.002
4.997
4.991
4.985
4.978
4.97
4.961
4.95
4.939
4.926
4.911
4.896
4.879
4.861
4.841
4.821
4.799
4.776
4.753
4.729
4.704
4.678
4.652
4.625
4.597
4.569
4.54
4.511
4.481
4.451
4.421
4.39
4.36
4.33
4.302
4.274
4.248
4.223
4.2
4.178
4.159
4.141
4.125
4.11
4.098
4.086
4.075
4.066
4.057
4.048
4.04
4.031
4.022
4.011
3.999
3.985
3.97
3.951
3.93
3.906
3.879
3.849
3.815
3.779
3.74
3.699
3.656
3.611
3.565
3.518
3.471
3.424
3.377
3.33
3.285
3.24
3.197
3.156
3.116
3.078
3.042
3.006
2.972
2.938
2.905
2.873
2.84
2.808
2.775
2.742
2.708
2.675
2.64
2.606
2.572
2.538
2.504
2.471
2.438
2.405
2.373
2.342
2.311
2.281
2.252
2.224
2.197
2.171
2.147
2.124
2.103
2.083
2.065
2.049
2.034
2.021
2.009
1.998
1.987
1.977
1.966
1.955
1.942
1.928
1.912
1.893
1.872
1.848
1.82
1.788
1.753
1.713
1.67
1.622
1.57
1.515
1.456
1.394
1.329
1.262
1.193
1.123
1.053
0.982
0.912
0.843
0.775
0.708
0.644
0.581
0.521
0.464
0.409
0.356
0.307
0.26
0.217
0.177
0.14
0.108
0.079
0.055
0.035
0.02
0.009
0.002
0
0.002
0.007
0.016
0.028
0.042
0.058
0.076
0.094
0.113
0.132