4.301
4.356
4.411
4.465
4.52
4.574
4.627
4.679
4.729
4.779
4.826
4.871
4.914
4.954
4.992
5.027
5.059
5.088
5.115
5.14
5.164
5.186
5.207
5.227
5.245
5.262
5.278
5.292
5.304
5.316
5.326
5.335
5.344
5.354
5.363
5.373
5.383
5.395
5.407
5.42
5.434
5.448
5.462
5.477
5.491
5.504
5.515
5.525
5.532
5.537
5.54
5.539
5.535
5.528
5.518
5.503
5.485
5.464
5.44
5.413
5.383
5.352
5.319
5.286
5.252
5.219
5.186
5.155
5.125
5.097
5.071
5.049
5.029
5.012
5
4.99
4.985
4.984
4.987
4.993
5.002
5.015
5.03
5.048
5.067
5.088
5.109
5.13
5.15
5.168
5.185
5.199
5.211
5.221
5.228
5.232
5.233
5.232
5.23
5.226
5.222
5.218
5.215
5.212
5.211
5.21
5.211
5.214
5.217
5.222
5.229
5.236
5.243
5.251
5.259
5.267
5.274
5.279
5.283
5.284
5.283
5.28
5.275
5.266
5.255
5.241
5.224
5.204
5.182
5.156
5.128
5.096
5.063
5.027
4.989
4.95
4.909
4.868
4.826
4.785
4.744
4.705
4.666
4.629
4.593
4.559
4.526
4.494
4.463
4.433
4.404
4.376
4.349
4.323
4.299
4.275
4.252
4.23
4.209
4.189
4.169
4.151
4.133
4.117
4.102
4.089
4.078
4.069
4.061
4.055
4.049
4.044
4.04
4.035
4.03
4.025
4.019
4.013
4.006
3.998
3.989
3.979
3.968
3.956
3.943
3.929
3.913
3.897
3.879
3.86
3.841
3.821
3.799
3.777
3.754
3.731
3.706
3.681
3.654
3.628
3.6
3.572
3.543
3.514
3.485
3.456
3.427
3.398
3.37
3.343
3.316
3.291
3.267
3.244
3.222
3.202
3.182
3.164
3.146
3.128
3.111
3.093
3.076
3.059
3.041
3.022
3.003
2.983
2.963
2.943
2.921
2.899
2.877
2.854
2.83
2.806
2.781
2.756
2.731
2.705
2.678
2.652
2.625
2.599
2.572
2.546
2.52
2.495
2.471
2.447
2.425
2.403
2.383
2.363
2.345
2.328
2.312
2.298
2.284
2.27
2.258
2.246
2.234
2.223
2.213
2.202
2.192
2.182
2.172
2.162
2.153
2.143
2.134
2.124
2.114
2.103
2.09
2.075
2.058
2.039
2.018
1.993
1.966
1.936
1.903
1.867
1.828
1.785
1.738
1.688
1.633
1.575
1.513
1.448
1.379
1.308
1.235
1.161
1.085
1.009
0.933
0.857
0.782
0.708
0.635
0.564
0.495
0.428
0.364
0.302
0.245
0.192
0.144
0.102
0.066
0.038
0.018
0.005
0
0.002
0.009
0.022
0.039
0.058
0.08
0.103
0.125
0.148
0.169
0.189
0.207
0.222
0.236
0.247
0.255
0.262
0.266
0.268
0.268
0.266
0.263
0.259
0.253
0.247
0.24
0.233
0.225
0.219
0.213
0.209
0.206
0.207
0.21
0.216
0.225
0.237
0.252
0.27
0.291
0.313
0.337
0.363
0.389
0.415
0.442
0.468
0.492
0.515
0.535
0.551
0.564
0.573
0.578
0.579
0.576
0.57
0.56
0.548
0.534
0.52
0.504
0.488
0.473
0.458
0.444
0.431
0.419
0.408
0.399
0.392
0.387
0.383
0.381
0.38
0.38
0.381
0.383
0.386
0.389
0.393
0.398
0.403
0.409
0.416
0.423
0.431
0.439
0.448
0.457
0.466
0.476
0.485
0.495