4.409
4.392
4.375
4.358
4.341
4.324
4.307
4.291
4.276
4.261
4.246
4.233
4.22
4.207
4.195
4.184
4.173
4.163
4.153
4.144
4.136
4.128
4.119
4.111
4.101
4.091
4.079
4.067
4.054
4.041
4.026
4.012
3.998
3.984
3.97
3.957
3.944
3.932
3.92
3.907
3.895
3.882
3.869
3.854
3.839
3.822
3.804
3.784
3.762
3.738
3.711
3.681
3.649
3.613
3.575
3.533
3.488
3.441
3.39
3.337
3.283
3.227
3.169
3.112
3.055
2.999
2.944
2.891
2.841
2.794
2.75
2.71
2.675
2.644
2.617
2.596
2.579
2.567
2.561
2.558
2.56
2.564
2.571
2.579
2.588
2.595
2.602
2.606
2.606
2.604
2.597
2.587
2.573
2.555
2.533
2.507
2.479
2.449
2.418
2.387
2.357
2.327
2.3
2.276
2.254
2.236
2.221
2.209
2.201
2.196
2.195
2.197
2.201
2.208
2.217
2.228
2.239
2.249
2.258
2.265
2.27
2.272
2.269
2.263
2.252
2.236
2.216
2.191
2.162
2.128
2.09
2.048
2.003
1.954
1.903
1.849
1.793
1.736
1.679
1.621
1.563
1.507
1.452
1.398
1.346
1.295
1.246
1.198
1.152
1.108
1.065
1.024
0.985
0.948
0.914
0.881
0.85
0.822
0.795
0.771
0.748
0.728
0.711
0.697
0.686
0.679
0.676
0.675
0.678
0.682
0.688
0.694
0.7
0.706
0.712
0.716
0.72
0.722
0.724
0.724
0.723
0.722
0.719
0.716
0.712
0.707
0.702
0.697
0.691
0.685
0.678
0.67
0.661
0.652
0.642
0.631
0.62
0.609
0.598
0.587
0.575
0.563
0.551
0.539
0.527
0.515
0.502
0.49
0.477
0.465
0.453
0.44
0.428
0.416
0.405
0.393
0.382
0.372
0.362
0.352
0.343
0.334
0.326
0.318
0.31
0.303
0.296
0.289
0.281
0.274
0.267
0.26
0.253
0.246
0.238
0.23
0.222
0.215
0.207
0.199
0.191
0.184
0.176
0.169
0.162
0.155
0.148
0.141
0.135
0.129
0.123
0.117
0.112
0.106
0.101
0.097
0.092
0.088
0.084
0.081
0.077
0.074
0.071
0.069
0.066
0.064
0.063
0.061
0.06
0.059
0.058
0.058
0.057
0.057
0.057
0.057
0.057
0.057
0.057
0.057
0.058
0.058
0.059
0.059
0.06
0.06
0.06
0.06
0.059
0.058
0.057
0.055
0.053
0.051
0.049
0.046
0.043
0.04
0.037
0.034
0.03
0.026
0.022
0.018
0.014
0.01
0.006
0.004
0.001
0
0
0.001
0.003
0.007
0.012
0.018
0.026
0.035
0.045
0.056
0.068
0.081
0.095
0.108
0.123
0.137
0.151
0.166
0.18
0.193
0.206
0.218
0.23
0.241
0.252
0.262
0.272
0.281
0.289
0.297
0.305
0.312
0.319
0.326
0.332
0.338
0.344
0.35
0.356
0.362
0.368
0.375
0.381
0.389
0.397
0.405
0.415
0.426
0.437
0.45
0.464
0.479
0.495
0.512
0.53
0.548
0.567
0.586
0.605
0.624
0.642
0.659
0.674
0.686
0.697
0.705
0.71
0.713
0.713
0.711
0.707
0.701
0.693
0.683
0.672
0.66
0.647
0.633
0.619
0.605
0.59
0.575
0.561
0.547
0.535
0.523
0.512
0.502
0.494
0.487
0.481
0.476
0.473
0.471
0.47
0.47
0.471
0.473
0.475
0.479
0.482
0.485
0.489