3.489
3.442
3.395
3.348
3.301
3.255
3.21
3.164
3.12
3.075
3.031
2.987
2.943
2.901
2.859
2.818
2.779
2.74
2.704
2.668
2.634
2.601
2.57
2.54
2.51
2.483
2.457
2.432
2.409
2.387
2.366
2.346
2.328
2.309
2.291
2.273
2.255
2.236
2.217
2.197
2.176
2.154
2.132
2.108
2.085
2.06
2.036
2.011
1.986
1.961
1.935
1.91
1.885
1.86
1.835
1.81
1.785
1.759
1.734
1.709
1.685
1.66
1.636
1.612
1.589
1.566
1.544
1.523
1.503
1.483
1.464
1.446
1.428
1.411
1.395
1.379
1.363
1.348
1.333
1.319
1.304
1.288
1.273
1.257
1.24
1.222
1.203
1.183
1.162
1.139
1.115
1.091
1.065
1.039
1.013
0.986
0.959
0.932
0.906
0.879
0.852
0.825
0.798
0.772
0.746
0.721
0.695
0.671
0.647
0.624
0.601
0.579
0.558
0.538
0.519
0.501
0.484
0.468
0.453
0.439
0.425
0.413
0.403
0.393
0.385
0.377
0.371
0.366
0.361
0.357
0.354
0.351
0.349
0.346
0.342
0.338
0.333
0.326
0.318
0.307
0.294
0.279
0.261
0.242
0.22
0.196
0.171
0.146
0.12
0.096
0.073
0.053
0.036
0.021
0.011
0.004
0
0
0.003
0.008
0.015
0.024
0.034
0.046
0.057
0.069
0.08
0.091
0.102
0.114
0.125
0.137
0.15
0.164
0.18
0.199
0.22
0.244
0.27
0.298
0.328
0.359
0.391
0.425
0.458
0.492
0.527
0.562
0.596
0.63
0.664
0.698
0.731
0.763
0.793
0.822
0.849
0.873
0.894
0.912
0.925
0.935
0.939
0.94
0.937
0.929
0.919
0.905
0.888
0.869
0.848
0.825
0.802
0.777
0.752
0.727
0.701
0.676
0.652
0.627
0.604
0.581
0.56
0.539
0.52
0.502
0.485
0.469
0.456
0.444
0.434
0.426
0.42
0.417
0.416
0.417
0.421
0.427
0.436
0.447
0.46
0.475
0.491
0.509
0.527
0.545
0.563
0.582
0.6
0.617
0.635
0.652
0.668
0.684
0.699
0.714
0.728
0.742
0.756
0.769
0.782
0.795
0.807
0.82
0.832
0.844
0.855
0.866
0.877
0.887
0.897
0.906
0.915
0.923
0.931
0.939
0.947
0.954
0.961
0.968
0.975
0.981
0.988
0.995
1.001
1.007
1.014
1.021
1.027
1.034
1.041
1.048
1.055
1.062
1.068
1.076
1.083
1.09
1.098
1.106
1.114
1.123
1.132
1.142
1.153
1.164
1.177
1.191
1.207
1.225
1.245
1.268
1.293
1.321
1.352
1.387
1.425
1.467
1.512
1.561
1.613
1.668
1.724
1.783
1.842
1.902
1.961
2.019
2.076
2.131
2.183
2.233
2.28
2.323
2.363
2.397
2.427
2.452
2.471
2.484
2.492
2.493
2.488
2.477
2.46
2.439
2.414
2.385
2.353
2.319
2.282
2.245
2.207
2.168
2.129
2.09
2.052
2.014
1.977
1.941
1.905
1.87
1.837
1.804
1.773
1.742
1.713
1.686
1.66
1.635
1.613
1.592
1.573
1.556
1.542
1.53
1.521
1.514
1.51
1.509
1.511
1.516
1.523
1.533
1.547
1.563
1.581
1.603
1.627
1.654
1.683
1.714
1.747
1.781
1.818
1.855
1.894
1.934
1.975
2.017
2.059
2.101
2.143
2.186
2.228
2.271
2.313
2.354
2.396
2.437
2.478
2.519