0.376
0.358
0.341
0.325
0.309
0.293
0.279
0.265
0.252
0.241
0.231
0.222
0.215
0.208
0.202
0.197
0.193
0.188
0.184
0.181
0.177
0.173
0.169
0.164
0.159
0.153
0.147
0.141
0.134
0.128
0.121
0.114
0.107
0.101
0.095
0.089
0.084
0.08
0.076
0.073
0.07
0.069
0.067
0.066
0.066
0.066
0.066
0.067
0.067
0.067
0.066
0.065
0.064
0.062
0.059
0.055
0.05
0.045
0.039
0.033
0.026
0.02
0.015
0.01
0.006
0.003
0.001
0
0.001
0.003
0.006
0.011
0.017
0.025
0.033
0.043
0.053
0.064
0.074
0.085
0.095
0.105
0.113
0.122
0.129
0.136
0.143
0.149
0.155
0.161
0.167
0.173
0.18
0.187
0.195
0.203
0.213
0.222
0.232
0.243
0.254
0.266
0.277
0.289
0.3
0.311
0.321
0.331
0.34
0.349
0.357
0.365
0.373
0.382
0.391
0.401
0.411
0.422
0.434
0.447
0.462
0.477
0.493
0.511
0.53
0.55
0.572
0.594
0.617
0.641
0.666
0.691
0.717
0.742
0.767
0.792
0.815
0.837
0.857
0.875
0.89
0.902
0.911
0.916
0.917
0.916
0.912
0.906
0.899
0.89
0.882
0.874
0.866
0.86
0.856
0.854
0.855
0.858
0.865
0.874
0.887
0.903
0.921
0.943
0.966
0.992
1.019
1.047
1.077
1.109
1.142
1.176
1.211
1.248
1.285
1.323
1.361
1.398
1.434
1.469
1.502
1.533
1.561
1.588
1.612
1.634
1.653
1.669
1.682
1.694
1.702
1.709
1.715
1.718
1.721
1.723
1.724
1.725
1.726
1.727
1.728
1.729
1.731
1.734
1.737
1.741
1.745
1.75
1.756
1.762
1.768
1.775
1.782
1.789
1.796
1.803
1.81
1.816
1.822
1.829
1.835
1.841
1.847
1.854
1.861
1.869
1.877
1.886
1.896
1.907
1.919
1.933
1.949
1.968
1.988
2.01
2.035
2.062
2.09
2.12
2.152
2.183
2.215
2.247
2.277
2.306
2.333
2.358
2.379
2.396
2.41
2.42
2.425
2.427
2.425
2.419
2.409
2.397
2.383
2.366
2.347
2.326
2.305
2.282
2.259
2.235
2.211
2.186
2.162
2.137
2.111
2.085
2.058
2.03
2.001
1.972
1.942
1.913
1.884
1.857
1.831
1.807
1.784
1.763
1.744
1.726
1.71
1.697
1.686
1.677
1.672
1.669
1.67
1.673
1.679
1.688
1.699
1.711
1.726
1.741
1.758
1.775
1.793
1.81
1.828
1.845
1.861
1.876
1.89
1.903
1.914
1.925
1.935
1.944
1.952
1.96
1.967
1.973
1.977
1.981
1.983
1.984
1.984
1.983
1.981
1.979
1.976
1.974
1.972
1.97
1.968
1.966
1.965
1.963
1.963
1.964
1.965
1.968
1.971
1.975
1.979
1.983
1.986
1.989
1.991
1.991
1.99
1.985
1.978
1.968
1.955
1.938
1.917
1.892
1.863
1.831
1.795
1.756
1.715
1.672
1.627
1.582
1.537
1.492
1.449
1.406
1.366
1.328
1.292
1.26
1.231
1.207
1.186
1.17
1.157
1.15
1.146
1.145
1.148
1.155
1.164
1.175
1.189
1.204
1.22
1.238
1.257
1.276
1.296
1.317
1.337
1.358
1.378
1.398
1.417
1.435
1.453
1.47
1.486
1.501
1.514
1.528
1.54
1.551
1.561
1.571
1.579
1.587
1.594
1.601
1.607
1.614