1.545
1.54
1.536
1.531
1.527
1.523
1.52
1.517
1.514
1.512
1.509
1.508
1.507
1.506
1.507
1.508
1.51
1.514
1.518
1.523
1.528
1.535
1.543
1.552
1.562
1.572
1.584
1.596
1.61
1.623
1.637
1.651
1.665
1.679
1.693
1.707
1.72
1.733
1.745
1.756
1.767
1.777
1.786
1.795
1.802
1.809
1.815
1.821
1.825
1.83
1.833
1.836
1.839
1.842
1.844
1.846
1.848
1.849
1.85
1.85
1.85
1.849
1.847
1.845
1.843
1.84
1.838
1.836
1.835
1.835
1.836
1.839
1.844
1.85
1.858
1.868
1.879
1.893
1.908
1.925
1.943
1.963
1.983
2.005
2.027
2.048
2.07
2.09
2.109
2.127
2.143
2.156
2.167
2.175
2.181
2.184
2.184
2.182
2.178
2.172
2.166
2.159
2.153
2.149
2.146
2.145
2.146
2.149
2.155
2.163
2.174
2.187
2.201
2.217
2.235
2.254
2.274
2.295
2.315
2.335
2.353
2.37
2.384
2.397
2.406
2.413
2.417
2.418
2.416
2.412
2.404
2.393
2.379
2.363
2.345
2.324
2.3
2.275
2.249
2.221
2.193
2.165
2.136
2.108
2.081
2.053
2.027
2
1.974
1.948
1.923
1.898
1.873
1.85
1.827
1.804
1.783
1.762
1.742
1.724
1.706
1.69
1.675
1.663
1.652
1.644
1.64
1.638
1.639
1.644
1.65
1.659
1.669
1.68
1.691
1.701
1.71
1.718
1.725
1.732
1.738
1.743
1.749
1.754
1.76
1.767
1.774
1.781
1.79
1.798
1.807
1.817
1.827
1.838
1.85
1.862
1.874
1.886
1.899
1.911
1.922
1.933
1.941
1.948
1.953
1.955
1.954
1.951
1.946
1.938
1.928
1.916
1.902
1.887
1.871
1.854
1.837
1.819
1.801
1.783
1.766
1.749
1.733
1.717
1.702
1.688
1.674
1.662
1.65
1.638
1.628
1.617
1.608
1.598
1.589
1.58
1.57
1.561
1.551
1.54
1.529
1.518
1.505
1.492
1.478
1.464
1.449
1.434
1.42
1.405
1.391
1.377
1.363
1.35
1.337
1.324
1.312
1.3
1.289
1.278
1.268
1.258
1.248
1.239
1.229
1.22
1.211
1.202
1.192
1.182
1.172
1.161
1.15
1.138
1.127
1.115
1.103
1.091
1.079
1.067
1.056
1.044
1.033
1.022
1.01
0.999
0.989
0.978
0.968
0.958
0.948
0.937
0.928
0.918
0.908
0.898
0.889
0.879
0.87
0.861
0.853
0.846
0.839
0.833
0.827
0.821
0.815
0.81
0.803
0.797
0.79
0.783
0.775
0.767
0.759
0.75
0.74
0.729
0.718
0.706
0.694
0.681
0.668
0.655
0.642
0.629
0.617
0.605
0.594
0.584
0.574
0.565
0.556
0.548
0.54
0.532
0.525
0.518
0.51
0.503
0.496
0.488
0.48
0.473
0.465
0.457
0.448
0.439
0.431
0.421
0.412
0.402
0.392
0.381
0.369
0.357
0.343
0.329
0.314
0.298
0.281
0.263
0.244
0.225
0.204
0.183
0.162
0.141
0.119
0.099
0.079
0.06
0.044
0.029
0.018
0.009
0.003
0
0
0.002
0.007
0.014
0.023
0.034
0.046
0.059
0.073
0.088
0.103
0.118
0.133
0.148
0.163
0.176
0.189
0.202
0.213
0.223
0.233
0.241
0.249
0.255
0.261
0.266
0.269
0.272
0.274
0.275
0.275
0.275
0.274
0.272
0.271
0.269
0.267
0.265
0.263
0.261
0.258