-6.816
-6.805
-6.8007
-6.8045
-6.816
-6.8331
-6.8516
-6.8663
-6.8725
-6.8672
-6.8508
-6.8269
-6.8002
-6.775
-6.7543
-6.7393
-6.7291
-6.7195
-6.7047
-6.6817
-6.6523
-6.6201
-6.5896
-6.5639
-6.5457
-6.537
-6.5388
-6.5509
-6.5732
-6.6052
-6.6472
-6.6993
-6.7606
-6.8256
-6.8837
-6.9244
-6.9438
-6.9431
-6.9259
-6.8979
-6.8676
-6.8445
-6.8354
-6.843
-6.866
-6.8998
-6.9397
-6.9813
-7.0209
-7.0552
-7.0816
-7.098
-7.1034
-7.0986
-7.0851
-7.0664
-7.0463
-7.0282
-7.0139
-7.0055
-7.0036
-7.0073
-7.0142
-7.0213
-7.0257
-7.0267
-7.0244
-7.0193
-7.0112
-7
-6.9858
-6.9695
-6.9521
-6.9339
-6.9149
-6.8954
-6.8764
-6.8592
-6.8461
-6.8394
-6.8409
-6.8518
-6.8722
-6.9006
-6.9347
-6.971
-7.0048
-7.0312
-7.0463
-7.0483
-7.0387
-7.0221
-7.0045
-6.9921
-6.9898
-6.9993
-7.0192
-7.0455
-7.0732
-7.0977
-7.1169
-7.1298
-7.1361
-7.1357
-7.1281
-7.1127
-7.0898
-7.0602
-7.0255
-6.9879
-6.9497
-6.9136
-6.8822
-6.8578
-6.8424
-6.8379
-6.8463
-6.8696
-6.9073
-6.9544
-7.0017
-7.04
-7.0646
-7.0754
-7.0752
-7.068
-7.0582
-7.0492
-7.0428
-7.0394
-7.0386
-7.0393
-7.0406
-7.0423
-7.0451
-7.0498
-7.0578
-7.0705
-7.0883
-7.1102
-7.1345
-7.1576
-7.1742
-7.1794
-7.1704
-7.1466
-7.1105
-7.0669
-7.0212
-6.9784
-6.9428
-6.9166
-6.8997
-6.8898
-6.884
-6.8799
-6.8764
-6.8741
-6.874
-6.8765
-6.8818
-6.8895
-6.8986
-6.9076
-6.9159
-6.9228
-6.9286
-6.9349
-6.9436
-6.9562
-6.9732
-6.9934
-7.0143
-7.0327
-7.0465
-7.0547
-7.0583
-7.0592
-7.0599
-7.0618
-7.0649
-7.0676
-7.0672
-7.0603
-7.0454
-7.0231
-6.9958
-6.9671
-6.9414
-6.9223
-6.913
-6.9164
-6.9334
-6.9622
-6.9989
-7.0384
-7.0759
-7.1081
-7.1336
-7.1521
-7.1649
-7.175
-7.1855
-7.199
-7.2172
-7.2401
-7.265
-7.2874
-7.3028
-7.3086
-7.3041
-7.2908
-7.2711
-7.2478
-7.2238
-7.203
-7.1916
-7.2054
-7.2744
-7.2738
-7.2138
-7.1609
-7.1337
-7.1261
-7.131
-7.1432
-7.1592
-7.1768
-7.1947
-7.211
-7.2226
-7.2268
-7.2221
-7.2083
-7.1849
-7.1515
-7.1082
-7.055
-6.9932
-6.9354
-6.9
-6.8923
-6.9083
-6.9392
-6.973
-6.9973
-7.0057
-6.9996
-6.9855
-6.9719
-6.9646
-6.9643
-6.9673
-6.9686
-6.9645
-6.9548
-6.9441
-6.9391
-6.9444
-6.9601
-6.9847
-7.0171
-7.0568
-7.1024
-7.1502
-7.1956
-7.2346
-7.2634
-7.2795
-7.281
-7.2663
-7.2357
-7.1938
-7.1495
-7.1117
-7.0859
-7.0741
-7.0755
-7.0882
-7.1092
-7.1351
-7.1624
-7.188
-7.2088
-7.2216
-7.2232
-7.2121
-7.1875
-7.1511
-7.1066
-7.0587
-7.0125
-6.9729
-6.9435
-6.9262
-6.9209
-6.9269
-6.943
-6.9675
-6.9979
-7.0308
-7.0625
-7.0892
-7.107
-7.1126
-7.1045
-7.0833
-7.0516
-7.0126
-6.9689
-6.9226
-6.8774
-6.8382
-6.8101
-6.7956
-6.7951
-6.8076
-6.8313
-6.8637
-6.9016
-6.9414
-6.9783
-7.007
-7.0233
-7.024
-7.0072
-6.9736
-6.9276
-6.876
-6.8266
-6.7855
-6.7557
-6.7375
-6.7295
-6.7292
-6.7335
-6.7393
-6.7439
-6.7447
-6.7394
-6.7267
-6.707
-6.6829
-6.6588
-6.6398
-6.6307
-6.634
-6.6499
-6.6761
-6.7078
-6.7395
-6.7658
-6.7828
-6.789
-6.7851
-6.773
-6.7555
-6.7349
-6.7136
-6.6932
-6.6751
-6.6597
-6.6464
-6.6343
-6.6223
-6.6093
-6.5948
-6.579
-6.5627
-6.5471
-6.5326
-6.5183
-6.5019
-6.4803
-6.4531
-6.428
-6.4228
-6.4318
-6.4248
-6.4008
-6.3696
-6.3434
-6.3295
-6.3266
-6.3285
-6.3282
-6.3206
-6.3031
-6.2747
-6.236
-6.1894
-6.1392
-6.0923
-6.0556
-6.0334
-6.026
-6.0319
-6.0489
-6.0745
-6.1065
-6.1424
-6.1785
-6.2105
-6.2355
-6.2525
-6.2625
-6.2676
-6.2698
-6.2707
-6.2708
-6.27
-6.2668
-6.2597
-6.2474
-6.2294
-6.2065
-6.181
-6.1555
-6.1323
-6.1133
-6.0995
-6.091
-6.0885
-6.0936
-6.1063
-6.1211
-5.8427
-5.9621
-6.0086
-6.0212
-5.8169
-4.035
-4.0854
-4.1065
-4.0987
-4.0658
-4.0229
-3.9833
-3.9489
-3.9148
-3.874
-3.8198
-3.7481
-3.6672
-3.5966
-3.5577
-3.5975
-4.5969
-4.6162
-4.6792
-4.7521
-4.7975
-4.8109
-4.7915
-4.7267
-4.5903
-4.4395
-4.3591
-4.3131
-4.2938
-4.2893
-4.2871
-4.274
-4.2416
-4.1947
-4.1455
-4.1004
-4.0653
-4.2308
-4.685
-4.6414
-4.6324
-4.6458
-4.672
-4.7033
-4.7333
-4.7562
-4.7693
-4.7737
-4.7716
-4.7637
-4.7503
-4.7317
-4.7086
-4.6826
-4.6554
-4.6284
-4.6018
-4.5745
-4.5447
-4.5114
-4.4745
-4.4358
-4.398
-4.3637
-4.3342
-4.3091
-4.2864
-4.2629
-4.2346
-4.1984
-4.1526
-4.0974
-4.036
-3.9732
-3.9134
-3.8594
-3.8121
-3.7707
-3.733
-3.6969
-3.6608
-3.624
-3.5868
-3.55
-3.5141
-3.4792
-3.4447
-3.4102
-3.3752
-3.3394
-3.3029
-3.266
-3.2284
-3.19
-3.1504
-3.1094
-3.0672
-3.0246
-2.9827
-2.9427
-2.9056
-2.8721
-2.842
-2.815
-2.7903
-2.7668
-2.7434
-2.719
-2.6927
-2.6639
-2.6317
-2.5955
-2.5544
-2.5079
-2.4559
-2.3996
-2.341
-2.2832
-2.2298
-2.1836
-2.1453
-2.1142
-2.0877
-2.0625
-2.0354
-2.004
-1.9671
-1.9247
-1.8782
-1.8305
-1.7842
-1.7416
-1.7037
-1.6699
-1.6381
-1.6055
-1.5695
-1.5275
-1.4778
-1.4203
-1.3565
-1.2893
-1.2231
-1.1632
-1.1132
-1.0747
-1.0464
-1.025
-1.0056
-0.98276
-0.95128
-0.90677
-0.84594
-0.76794
-0.67515
-0.57377
-0.4727
-0.38046
-0.30133
-0.23
0.040243
0.34801
0.33814
0.20049
0.017768
0.032884
0.042351
0.051165
0.061846
0.075833
0.093916
0.11625
0.14317
0.1757
0.21549
0.26502
0.32586
0.39619
0.47031
0.5417
0.60547
0.65901
0.70218
0.73723
0.76754
0.7966
0.82732
0.86145
0.89904
0.93876
0.97841
1.0157
1.0489
1.0776
1.1022
1.1237
1.1428
1.16
1.1752
1.1877
1.1953
1.1892
1.1733
