-2.103
-2.027
-1.9421
-1.7517
-1.6482
-1.5959
-1.5679
-1.5611
-1.5724
-1.5968
-1.6264
-1.653
-1.6695
-1.6713
-1.6577
-1.6318
-1.5992
-1.5676
-1.5447
-1.537
-1.548
-1.5782
-1.6253
-1.6845
-1.7497
-1.8145
-1.8735
-1.923
-1.9619
-1.9903
-2.0078
-2.0135
-2.0065
-1.9868
-1.9563
-1.919
-1.8809
-1.8484
-1.826
-1.8161
-1.8185
-1.8309
-1.85
-1.8732
-1.8984
-1.9248
-1.9526
-1.9823
-2.0139
-2.0469
-2.0808
-2.1157
-2.1512
-2.1868
-2.221
-2.2513
-2.2751
-2.2897
-2.293
-2.2838
-2.2621
-2.2295
-2.189
-2.1451
-2.103
-2.0674
-2.0428
-2.0321
-2.0366
-2.0555
-2.087
-2.1284
-2.1762
-2.2265
-2.2741
-2.3132
-2.3393
-2.3514
-2.3509
-2.3412
-2.3253
-2.306
-2.2855
-2.2652
-2.2462
-2.2306
-2.2206
-2.2176
-2.2214
-2.23
-2.2393
-2.2444
-2.2414
-2.2283
-2.206
-2.1785
-2.1506
-2.1268
-2.1107
-2.1043
-2.1086
-2.1233
-2.1472
-2.1791
-2.217
-2.2593
-2.3038
-2.348
-2.3892
-2.4252
-2.4538
-2.4729
-2.4811
-2.4787
-2.4677
-2.4517
-2.4357
-2.4249
-2.4228
-2.431
-2.449
-2.474
-2.502
-2.5286
-2.5504
-2.5654
-2.5735
-2.5762
-2.5761
-2.5761
-2.5788
-2.5857
-2.597
-2.6119
-2.6296
-2.6496
-2.6722
-2.6974
-2.725
-2.7538
-2.7808
-2.8026
-2.8159
-2.8185
-2.8095
-2.79
-2.7627
-2.7313
-2.6994
-2.6705
-2.6477
-2.6328
-2.6276
-2.6333
-2.6499
-2.6759
-2.7089
-2.7447
-2.7783
-2.8051
-2.8214
-2.8252
-2.8162
-2.7956
-2.7666
-2.7334
-2.7013
-2.6753
-2.6593
-2.6546
-2.6596
-2.6703
-2.6818
-2.6898
-2.6917
-2.6876
-2.6793
-2.6705
-2.6656
-2.6684
-2.6814
-2.7041
-2.7342
-2.7673
-2.799
-2.8253
-2.8441
-2.8549
-2.8583
-2.8558
-2.8492
-2.8402
-2.8304
-2.8216
-2.8147
-2.8094
-2.8043
-2.7971
-2.7855
-2.7686
-2.7471
-2.7225
-2.6968
-2.6718
-2.6497
-2.6326
-2.6225
-2.6205
-2.627
-2.641
-2.6599
-2.6805
-2.6995
-2.714
-2.7223
-2.7242
-2.7205
-2.7123
-2.7006
-2.6853
-2.6654
-2.6402
-2.6108
-2.5798
-2.5506
-2.5272
-2.5131
-2.511
-2.5221
-2.5447
-2.5741
-2.605
-2.634
-2.6613
-2.689
-2.719
-2.7514
-2.7835
-2.8111
-2.8308
-2.8413
-2.8436
-2.8402
-2.8341
-2.8283
-2.8242
-2.8219
-2.8201
-2.8169
-2.811
-2.8018
-2.7903
-2.7781
-2.7665
-2.7564
-2.7471
-2.7375
-2.7268
-2.7146
-2.7005
-2.684
-2.6645
-2.6411
-2.6132
-2.5823
-2.5518
-2.5261
-2.5099
-2.5061
-2.5153
-2.5356
-2.5636
-2.5935
-2.6195
-2.6368
-2.6427
-2.6364
-2.6192
-2.593
-2.5607
-2.5259
-2.4919
-2.4611
-2.4349
-2.4133
-2.3956
-2.3815
-2.3719
-2.3679
-2.3704
-2.3794
-2.393
-2.4088
-2.4238
-2.4353
-2.4407
-2.4375
-2.4242
-2.4006
-2.3682
-2.3298
-2.2891
-2.2484
-2.2093
-2.1726
-2.1385
-2.1076
-2.0812
-2.0606
-2.0478
-2.044
-2.0499
-2.0646
-2.0861
-2.111
-2.1352
-2.1547
-2.1659
-2.1663
-2.1544
-2.1297
-2.0926
-2.0443
-1.9874
-1.9263
-1.8663
-1.8125
-1.7681
-1.7348
-1.713
-1.7017
-1.6993
-1.704
-1.7137
-1.7267
-1.7419
-1.7584
-1.7749
-1.7902
-1.8031
-1.8122
-1.8169
-1.8165
-1.8107
-1.7991
-1.7817
-1.7586
-1.7304
-1.698
-1.6624
-1.6249
-1.5865
-1.5484
-1.511
-1.4742
-1.437
-1.3976
-1.3541
-1.3052
-1.2513
-1.1943
-1.1379
-1.0857
-1.0408
-1.0057
-0.98211
-0.97085
-0.97202
-0.9845
-1.0064
-1.0356
-1.0696
-1.1056
-1.1398
-1.1668
-1.1803
-1.1727
-1.1356
-1.0564
-0.91913
-0.57854
-0.53748
-0.50673
-0.47914
-0.45831
-0.45043
-0.45303
-0.45931
-0.46379
-0.464
-0.45944
-0.45099
-0.44015
-0.42801
-0.41461
-0.39938
-0.38102
-0.35741
-0.3263
-0.28614
-0.23644
-0.17819
-0.11369
-0.045878
0.022226
0.087992
0.14948
0.20525
0.25473
0.29791
0.33476
0.36516
0.38951
0.40845
0.4231
0.43515
0.44632
0.45761
0.46961
0.48251
0.49612
0.5116
0.56314
0.78715
0.91611
1.0363
1.1733
1.3376
1.4956
1.6154
1.6855
1.7075
1.6639
1.6149
1.5152
1.4296
1.3666
1.3496
1.4589
1.6833
1.7801
1.8472
1.9117
1.9813
2.056
2.1281
2.1885
2.3701
2.4096
2.295
2.2775
2.2897
2.3123
2.3411
2.3725
2.4081
2.4507
2.5
2.5578
2.6171
4.1858
4.1499
4.1187
4.0895
4.0571
4.017
3.9621
3.8876
3.7807
3.6092
3.4489
3.3873
3.3618
3.1337
3.1613
3.1263
3.0939
3.0736
3.0726
3.0912
3.1209
3.1529
3.1846
3.2171
3.2515
3.2875
3.3232
3.3566
3.3867
3.4138
3.4396
3.4657
3.493
3.5206
3.5468
3.5688
3.5847
3.5934
3.5955
3.5922
3.5859
3.5784
3.5715
3.5673
3.5684
3.577
3.5956
3.6254
3.6652
3.7116
3.7596
3.8051
3.8455
3.8802
3.9091
3.9329
3.9529
3.9712
3.9902
4.0128
4.0413
4.0772
4.1206
4.1705
4.2223
4.2711
4.3152
4.3552
4.3943
4.4347
4.4757
4.5145
4.5487
4.5772
4.6001
4.6179
4.6321
4.6445
4.6562
4.6686
4.6829
4.7002
4.7206
4.7444
4.7713
4.8011
4.8336
4.8691
4.9076
4.9491
4.9935
5.0398
5.0868
5.1321
5.1731
5.207
5.2317
5.2459
5.2503
5.2472
5.2403
5.2337
5.2309
5.2335
5.2415
5.254
5.2693
5.2862
5.304
5.3224
5.3414
5.3606
5.3801
5.3995
5.4185
5.4372
5.4564
5.4768
5.4991
5.5242
5.5534
5.5912
5.6424
5.7002
5.7573
5.8119
5.864
5.9142
5.9616
5.7446
5.3312
5.3614
5.3934
5.4269
5.4631
5.5039
5.5507
5.6031
5.6575
5.7085
5.751
5.7815
5.7978
5.8002
5.7917
5.7753
5.7534
5.7284
5.7014
5.6724
5.6412
5.6071
5.5698
5.5298
5.4884
5.4471
5.4076
5.372
5.3421
5.3189
5.3023
5.2913
5.2839
5.2764
5.2613
5.2279
5.2275
5.2469
5.4165
5.4739
5.5408
5.61
5.6724
5.5227
