-3.7902
-3.8288
-3.8635
-3.8929
-3.916
-3.932
-3.9409
-3.943
-3.9397
-3.9324
-3.9229
-3.9116
-3.898
-3.8809
-3.8595
-3.8337
-3.8049
-3.7759
-3.7498
-3.7287
-3.7131
-3.7022
-3.6952
-3.6928
-3.6973
-3.7097
-3.7294
-3.7528
-3.775
-3.791
-3.7975
-3.793
-3.7791
-3.759
-3.736
-3.7126
-3.6902
-3.6685
-3.6464
-3.6223
-3.595
-3.5639
-3.5294
-3.4931
-3.4574
-3.425
-3.398
-3.3782
-3.3662
-3.3613
-3.3619
-3.3664
-3.3731
-3.3808
-3.389
-3.3972
-3.4049
-3.4117
-3.4173
-3.4214
-3.4239
-3.4252
-3.4257
-3.4255
-3.4249
-3.4239
-3.4225
-3.42
-3.4153
-3.4063
-3.3911
-3.3679
-3.3361
-3.2967
-3.2528
-3.2086
-3.1679
-3.1333
-3.1057
-3.0831
-3.0632
-3.0434
-3.022
-2.998
-2.9719
-2.9443
-2.9163
-2.8897
-2.8664
-2.8491
-2.8402
-2.8413
-2.853
-2.8743
-2.903
-2.9354
-2.9672
-2.9942
-3.0127
-3.0203
-3.0161
-3.0001
-2.9732
-2.9374
-2.8951
-2.8495
-2.804
-2.7618
-2.7252
-2.696
-2.6751
-2.6621
-2.6556
-2.653
-2.6512
-2.6477
-2.6407
-2.6296
-2.614
-2.5933
-2.5668
-2.5348
-2.4983
-2.4592
-2.4202
-2.384
-2.3533
-2.3307
-2.318
-2.316
-2.3239
-2.3382
-2.3536
-2.3643
-2.3656
-2.3551
-2.3326
-2.3005
-2.2626
-2.2234
-2.1868
-2.1552
-2.1293
-2.1082
-2.0907
-2.0756
-2.0613
-2.0465
-2.0295
-2.0083
-1.9818
-1.9492
-1.9109
-1.8688
-1.8259
-1.7859
-1.7526
-1.7293
-1.7187
-1.7229
-1.7433
-1.7784
-1.8232
-1.8687
-1.9049
-1.9241
-1.9225
-1.9001
-1.859
-1.8033
-1.7376
-1.6664
-1.5942
-1.5252
-1.4627
-1.4079
-1.3611
-1.3215
-1.2875
-1.2575
-1.2302
-1.2047
-1.1801
-1.1558
-1.1316
-1.1078
-1.0856
-1.0663
-1.0509
-1.0399
-1.0326
-1.0269
-1.0211
-1.0133
-1.0021
-0.98598
-0.96401
-0.93479
-0.89733
-0.85321
-0.80655
-0.76082
-0.71692
-0.674
-0.63171
-0.59213
-0.55932
-0.5366
-0.52527
-0.5247
-0.53309
-0.54794
-0.56576
-0.58197
-0.59224
-0.59262
-0.57914
-0.54799
-0.49638
-0.42289
-0.32248
-0.16901
-0.0020908
0.14036
0.26365
0.36324
0.4239
0.44438
0.43306
0.39873
0.35096
0.30178
0.26312
0.24399
0.24953
0.28
0.32941
0.38693
0.44146
0.48676
0.52099
0.54429
0.55734
0.56131
0.55805
0.55041
0.5422
0.53824
0.54358
0.56242
0.59734
0.64839
0.71263
0.7849
0.85967
0.93224
1.0001
1.0638
1.1254
1.1872
1.2506
1.3157
1.38
1.4399
1.4917
1.533
1.5632
1.5833
1.5953
1.6024
1.6086
1.6184
1.6361
1.666
1.7109
1.7706
1.8423
1.9202
1.9976
2.0691
2.1311
2.1816
2.2193
2.2441
2.2569
2.2593
2.2546
2.2475
2.2433
2.2476
2.265
2.298
2.3467
2.4083
2.4781
2.5498
2.6174
2.6767
2.7255
2.7636
2.7925
2.8151
2.8344
2.8535
2.8748
2.9002
2.9312
2.9686
3.0126
3.0623
3.1162
3.1726
3.2303
3.2876
3.3426
3.3932
3.4382
3.4779
3.5131
3.5456
3.577
3.6084
3.6405
3.6738
3.7088
3.7458
3.7855
3.8285
3.875
3.9245
3.976
4.0275
4.0762
4.12
4.1572
4.188
4.2141
4.239
4.2664
4.2992
4.339
4.3859
4.439
4.4969
4.5583
4.6213
4.6834
4.7412
4.7906
4.828
4.8517
4.8623
4.862
4.8547
4.8446
4.8357
4.8311
4.8333
4.8443
4.8665
4.9023
4.9544
5.0249
5.1143
5.2202
5.3365
5.4545
5.5639
5.6556
5.7232
5.763
5.7725
5.7506
5.7
5.6251
5.5303
5.4466
5.4052
5.4113
5.4643
5.5613
5.6896
5.8273
5.9515
6.0513
6.1278
6.1861
6.2312
6.2671
6.2977
6.3269
6.3575
6.3908
6.4271
6.4653
6.5043
6.543
6.5811
6.6183
6.6544
6.6889
6.7206
6.748
6.7709
6.7912
6.8116
6.8341
6.8585
6.8829
6.9046
6.9217
6.9332
6.9391
6.9407
6.9396
6.9376
6.9357
6.9354
6.9372
6.9417
6.9498
6.9631
6.9835
7.0152
7.0662
7.1492
7.2806
7.4649
7.6638
7.8367
7.929
7.9327
7.8935
7.8437
7.8012
7.7731
7.7604
7.7616
7.7718
7.7805
7.7663
7.6713
7.5921
7.5781
7.5865
7.6133
7.6673
7.7403
7.7092
7.5964
7.7384
7.6767
7.6459
7.5934
7.713
7.8079
7.8639
7.9157
7.9613
8.0001
8.0328
8.0596
8.0826
8.1158
8.5876
8.5718
8.3673
8.248
8.2626
8.1326
8.2183
8.1688
8.1508
8.1672
8.2016
8.2253
8.2189
8.1858
8.1367
8.0797
8.0177
7.9469
7.8578
7.7637
7.7174
7.7029
7.699
7.6971
7.6944
7.6911
7.689
7.6904
7.6969
7.7092
7.7266
7.7475
7.7652
7.7667
7.7506
7.7259
7.7
7.6772
7.6584
7.6429
7.6279
7.6108
7.5891
7.5615
7.5292
7.4961
7.4681
7.45
7.4432
7.4456
7.454
7.4699
7.4982
7.1488
6.9417
6.9615
7.0016
7.0545
7.1102
7.158
7.1891
7.1991
7.1875
7.1575
7.1149
7.0661
7.0175
6.9729
6.933
6.8958
6.8585
6.8185
6.7735
6.7232
6.6688
6.6117
6.5542
6.4984
6.4464
6.3995
6.3587
6.324
6.2945
6.2687
6.2444
6.2196
6.1921
6.1606
6.1243
6.0832
6.0385
5.9916
5.9437
5.8957
5.8477
5.7994
5.7504
5.7003
5.6492
5.5974
5.5447
5.4905
5.4343
5.3756
5.3151
5.2542
5.1955
5.1419
5.0953
5.0569
5.0264
5.0029
4.9844
4.9688
4.954
4.9373
4.9157
4.886
4.8447
4.7892
4.719
4.6372
4.5508
4.4688
4.3992
4.3468
4.3116
4.2906
4.2785
4.27
4.2604
4.2453
4.2206
4.1822
4.1275
4.0566
3.9726
3.8796
3.7831
3.8123
3.6743
3.5325
3.3885
3.3746
3.064
3.0182
2.987
2.9606
2.9355
2.9073
2.8705
2.8184
2.7434
2.6333
2.4813
2.3178
2.2242
2.1474
2.0867
2.038
1.9995
1.9724
1.9612
1.973
2.0116
2.0685
2.1399
2.2285
2.3349
2.4575
