3.1299
3.1165
3.1083
3.1105
3.1266
3.1586
3.2066
3.268
3.3364
3.4016
3.4561
3.4998
3.536
3.5682
3.5994
3.6325
3.6703
3.7158
3.7704
3.8297
3.8842
3.9278
3.9604
3.9851
4.0054
4.0241
4.043
4.0633
4.086
4.1123
4.1438
4.1823
4.2282
4.2791
4.3311
4.3803
4.4238
4.4597
4.4871
4.5059
4.5173
4.5232
4.5269
4.5322
4.5433
4.5632
4.5929
4.631
4.6745
4.7205
4.7675
4.8143
4.8573
4.8925
4.9205
4.9439
4.9651
4.9847
5.0031
5.0201
5.0361
5.0523
5.071
5.0946
5.1233
5.1558
5.1897
5.2233
5.2561
5.2893
5.3248
5.365
5.4125
5.4687
5.5334
5.6046
5.6787
5.7514
5.8182
5.8755
5.9209
5.9535
5.9735
5.9819
5.98
5.9701
5.9562
5.9431
5.936
5.9398
5.958
5.9911
6.0365
6.0894
6.1448
6.198
6.2449
6.2832
6.3133
6.3382
6.3623
6.3905
6.4267
6.4729
6.5295
6.5944
6.6633
6.7324
6.7989
6.8614
6.9204
6.9774
7.0329
7.0878
7.1425
7.197
7.2509
7.3036
7.3537
7.3999
7.4409
7.4751
7.5013
7.5202
7.5343
7.5477
7.564
7.586
7.6153
7.6512
7.6908
7.73
7.7672
7.8027
7.839
7.8787
7.9237
7.9739
8.0265
8.0781
8.1261
8.1694
8.2086
8.2447
8.279
8.3116
8.3426
8.3721
8.4006
8.429
8.4584
8.4899
8.524
8.5609
8.6007
8.6432
8.6877
8.7336
8.7804
8.8276
8.8752
8.9236
8.9727
9.0228
9.0738
9.1249
9.1748
9.2231
9.2707
9.3192
9.3712
9.4291
9.4949
9.569
9.6502
9.7343
9.8138
9.8787
9.9207
9.939
9.9397
9.9315
9.9227
9.9202
9.9292
9.953
9.9923
10.045
10.107
10.172
10.237
10.296
10.348
10.393
10.434
10.472
10.511
10.552
10.596
10.643
10.69
10.738
10.785
10.833
10.88
10.928
10.977
11.026
11.074
11.12
11.162
11.199
11.232
11.263
11.294
11.326
11.358
11.389
11.417
11.442
11.463
11.481
11.499
11.519
11.547
11.587
11.638
11.694
11.745
11.783
11.806
11.814
11.813
11.809
11.811
11.824
11.852
11.894
11.947
12.011
12.086
12.175
12.278
12.383
12.468
12.526
12.561
12.582
12.593
12.6
12.609
12.626
12.658
12.709
12.773
12.839
12.895
12.936
12.961
12.971
12.969
12.962
12.955
12.953
12.959
12.975
13.001
13.034
13.071
13.109
13.143
13.169
13.187
13.198
13.205
13.215
13.231
13.256
13.289
13.329
13.374
13.419
13.462
13.501
13.536
13.565
13.589
13.607
13.621
13.631
13.636
13.637
13.634
13.627
13.62
13.613
13.61
13.613
13.627
13.652
13.69
13.738
13.79
13.841
13.884
13.914
13.93
13.936
13.935
13.932
13.931
13.935
13.944
13.959
13.975
13.99
14.001
14.006
14.008
14.01
14.013
14.021
14.035
14.053
14.073
14.092
14.107
14.12
14.129
14.134
14.136
14.134
14.129
14.12
14.109
14.096
14.081
14.064
14.042
14.014
13.98
13.942
13.903
13.867
13.836
13.812
13.794
13.784
13.778
13.777
13.778
13.78
13.781
13.783
13.786
13.791
13.799
13.807
13.814
13.818
13.816
13.81
13.799
13.786
13.772
13.761
13.754
13.753
13.76
13.774
13.792
13.814
13.837
13.858
13.438
13.691
13.67
13.634
13.579
13.5
13.404
13.306
13.235
13.194
13.17
13.146
13.115
13.078
13.034
12.984
12.928
12.866
12.805
12.749
12.698
12.65
12.599
12.544
12.485
12.425
12.368
12.32
12.284
12.261
12.25
12.247
12.246
12.243
12.235
12.22
12.198
12.169
12.133
12.091
12.044
11.993
11.936
11.877
11.818
11.758
11.696
11.622
11.537
11.448
11.362
11.275
11.162
10.982
10.749
10.543
10.424
10.341
10.271
10.205
10.141
10.08
10.026
9.9824
10.139
10.125
10.112
10.257
10.269
10.699
10.676
10.792
10.833
10.833
10.817
10.793
10.763
10.732
10.7
10.669
10.635
10.594
10.201
8.0501
8.155
9.4902
9.5785
9.6425
9.664
9.6523
9.6098
9.5579
9.5058
9.456
9.4092
9.3659
9.3272
9.297
9.2876
9.3316
9.3999
9.4183
9.3941
9.3364
9.2526
9.1521
9.0479
8.5942
7.4131
7.3411
7.2703
7.201
7.1344
7.0717
7.0133
6.9592
6.9086
6.8603
6.8127
6.7642
6.7137
6.66
6.6026
6.541
6.4745
6.4031
6.327
6.2475
6.1671
6.0877
6.0101
5.933
5.8549
5.7753
5.6943
5.6125
5.5298
5.446
5.3612
5.2779
5.2025
5.1434
5.0977
5.0492
4.9914
4.9275
4.8623
4.7995
4.7391
4.6773
4.6089
4.5312
4.4429
4.3421
4.2248
4.0854
3.982
3.877
3.7654
3.6464
3.5219
3.3947
3.2685
3.1476
3.0364
2.938
2.8545
2.7863
2.7328
2.6918
2.6598
2.6319
2.6027
2.5675
2.5232
2.4682
2.4029
2.3286
2.2486
2.1667
2.0863
2.0095
1.9373
1.8699
1.8067
1.747
1.6894
1.6326
1.5759
1.5194
1.464
1.4112
1.3626
1.319
1.2808
1.247
1.216
1.1855
1.1532
1.1167
1.0749
1.0292
0.98317
0.94031
0.90341
0.87374
0.85102
0.83369
0.81969
0.80669
0.79281
0.77869
0.80969
0.83715
0.81155
0.77275
0.72873
0.68571
0.64727
0.61347
0.58242
0.55301
0.52617
0.50371
0.48627
0.47184
0.45536
0.42722
0.36719
0.21201
0.023225
-0.045279
-0.082841
-0.10759
-0.12579
-0.14065
-0.15424
-0.16752
-0.18074
-0.19373
-0.20661
-0.21983
-0.23395
-0.24915
-0.26513
-0.28146
-0.2979
-0.31441
-0.33108
-0.34788
-0.36422
-0.37839
-0.38656
-0.37845
-0.34257
-0.28178
-0.17788
-0.016419
0.16901
0.33269
