7.68
7.6206
7.5675
7.5201
7.4772
7.4393
7.4084
7.3885
7.3836
7.3958
7.424
7.4645
7.513
7.5661
7.6222
7.6815
7.7456
7.8165
7.8945
7.9788
8.0682
8.1598
8.248
8.3268
8.3925
8.4455
8.4882
8.5226
8.5497
8.57
8.5846
8.5959
8.6072
8.6226
8.6455
8.6786
8.7231
8.7786
8.8429
8.9115
8.9782
9.0361
9.0798
9.1066
9.118
9.1188
9.1159
9.1158
9.1231
9.1408
9.1697
9.2093
9.2582
9.3155
9.38
9.4502
9.5241
9.5981
9.6682
9.7309
9.784
9.8262
9.8561
9.8724
9.8778
9.8814
9.8919
9.9144
9.9508
9.9989
10.052
10.105
10.153
10.197
10.24
10.285
10.333
10.383
10.434
10.485
10.534
10.583
10.631
10.681
10.731
10.782
10.833
10.88
10.925
10.968
11.01
11.052
11.09
11.122
11.146
11.163
11.177
11.19
11.204
11.22
11.24
11.263
11.291
11.325
11.363
11.405
11.447
11.488
11.523
11.552
11.574
11.591
11.605
11.618
11.633
11.654
11.681
11.713
11.749
11.785
11.819
11.849
11.877
11.901
11.921
11.937
11.952
11.969
11.993
12.026
12.069
12.122
12.179
12.238
12.293
12.343
12.385
12.419
12.444
12.462
12.472
12.477
12.479
12.482
12.488
12.499
12.516
12.54
12.568
12.598
12.627
12.651
12.669
12.676
12.669
12.647
12.611
12.563
12.512
12.466
12.433
12.415
12.41
12.418
12.436
12.464
12.5
12.542
12.583
12.617
12.639
12.647
12.643
12.633
12.623
12.618
12.619
12.63
12.65
12.676
12.707
12.738
12.764
12.781
12.784
12.773
12.748
12.713
12.671
12.625
12.578
12.535
12.497
12.467
12.445
12.435
12.437
12.451
12.475
12.501
12.526
12.543
12.55
12.543
12.523
12.49
12.449
12.408
12.375
12.354
12.344
12.344
12.349
12.352
12.351
12.341
12.319
12.282
12.232
12.172
12.105
12.036
11.967
11.899
11.835
11.778
11.731
11.696
11.673
11.66
11.654
11.651
11.647
11.64
11.628
11.616
11.605
11.6
11.598
11.597
11.594
11.585
11.566
11.534
11.485
11.418
11.332
11.229
11.116
11.005
10.908
10.832
10.78
10.751
10.737
10.734
10.736
10.74
10.743
10.743
10.737
10.724
10.7
10.666
10.617
10.552
10.471
10.376
10.273
10.175
10.087
10.011
9.9485
9.8965
9.853
9.8152
9.7804
9.7454
9.7067
9.6621
9.6118
9.5607
9.5155
9.4793
9.4497
9.4213
9.3875
9.3431
9.2853
9.2143
9.1324
9.043
8.9499
8.8565
8.7656
8.6793
8.5994
8.5274
8.4639
8.4089
8.3607
8.3161
8.2718
8.2249
8.1736
8.1177
8.0591
7.9994
7.9394
7.8778
7.8116
7.737
7.6514
7.5546
7.4519
7.3525
7.263
7.1846
7.1156
7.054
6.9982
6.9474
6.9015
6.8599
6.8216
6.7849
6.7474
6.7069
6.6613
6.6092
6.5492
6.4813
6.4066
6.3272
6.2461
6.1652
6.0851
6.0049
5.9225
5.8359
5.7439
5.6468
5.5467
5.4463
5.3485
5.2551
5.167
5.0838
5.0044
4.9278
4.8539
4.7831
4.7167
4.6553
4.5985
4.5446
4.4914
4.4365
4.3779
4.3145
4.2453
4.1705
4.0911
4.0082
3.9239
3.8413
3.763
3.6911
3.626
3.566
3.5081
3.4493
3.3868
3.3189
3.2452
3.1671
3.0879
3.011
2.9393
2.8741
2.8153
2.7615
2.7094
2.6555
2.5976
2.5349
2.4667
2.3926
2.3146
2.2373
2.1655
2.1014
2.0439
1.9896
1.9348
1.8767
1.8135
1.7446
1.6708
1.594
1.5173
1.444
1.3762
1.3142
1.2569
1.201
1.1424
1.0772
1.0029
0.91806
0.82219
0.71706
0.60647
0.49511
0.38889
0.29504
0.21999
0.16888
0.14621
0.15626
0.20287
0.28759
0.40275
0.52396
0.61892
0.66194
0.64325
0.57774
0.63169
0.44095
0.2639
0.10443
-0.042367
-0.17756
-0.53987
-0.62754
-0.70652
-0.77595
-0.83651
-0.88723
-0.92337
-0.92747
-0.84796
-0.71104
-0.63638
-0.6057
-0.61931
-0.67691
-0.76731
-0.88402
-0.99635
-1.0957
-1.1873
-1.2779
-1.3679
-1.4523
-1.5296
-1.6039
-1.6921
-1.8391
-2.011
-2.1541
-2.2852
-2.4139
-2.5456
-2.6726
-2.7723
-2.8284
-2.8344
-2.7898
-2.6879
-2.5264
-2.3401
-2.1888
-2.0788
-1.9981
-1.9411
-1.9082
-1.8037
-2.0727
-2.4302
-2.5063
-2.5651
-2.6119
-2.6488
-2.6758
-2.6925
-2.698
-2.6921
-2.6758
-2.6516
-2.6236
-2.5983
-2.5846
-2.5932
-2.6072
-2.6072
-2.5982
-2.5857
-2.5731
-2.562
-2.5534
-2.5482
-2.5468
-2.5492
-2.5545
-2.5613
-2.5676
-2.5719
-2.5726
-2.5692
-2.5622
-2.5524
-2.5413
-2.5303
-2.5204
-2.5115
-2.5037
-2.4967
-2.4898
-2.4827
-2.4755
-2.4681
-2.4605
-2.4529
-2.445
-2.4361
-2.4261
-2.4152
-2.4039
-2.3931
-2.3839
-2.3769
-2.3716
-2.3673
-2.3626
-2.356
-2.3465
-2.3334
-2.3161
-2.2942
-2.2678
-2.2373
-2.203
-2.1651
-2.1237
-2.0786
-2.0292
-1.975
-1.9154
-1.85
-1.7792
-1.7041
-1.6272
-1.552
-1.4826
-1.4217
-1.3706
-1.3282
-1.2916
-1.2569
-1.2199
-1.1778
-1.1295
-1.0759
-1.0185
-0.95909
-0.89819
-0.83557
-0.77079
-0.70376
-0.63492
-0.56546
-0.49787
-0.4347
-0.37753
-0.32727
-0.28469
-0.24988
-0.22279
-0.2035
-0.19174
-0.1869
-0.18813
-0.19397
-0.20228
-0.21029
-0.21446
-0.21154
-0.20191
-0.1895
-0.17467
-0.15261
-0.11756
-0.065383
0.0060518
0.097102
0.20517
0.32379
0.4437
0.55726
0.66345
0.76531
0.86476
0.96034
1.049
1.128
1.1967
1.2563
1.3094
1.3581
1.4044
1.4501
1.4966
1.5452
1.5974
1.6545
1.7174
1.7863
1.8597
1.9354
2.0106
2.0833
2.1523
2.2168
2.2774
2.3352
2.3918
2.4484
2.5052
2.5614
2.616
2.6682
2.7168
